0.0	0.155	0.066	0.034	0.066	17.36	0.133	0.095	0.022	0.019	0.071	0.031	0.023	0.05	0.016	0.014	0.008
0.01	0.16	0.056	0.031	0.064	13.915	0.138	0.108	0.029	0.026	0.047	0.021	0.029	0.047	0.007	0.007	0.012
0.02	0.134	0.054	0.038	0.068	11.461	0.146	0.089	0.032	0.022	0.041	0.022	0.026	0.04	0.011	0.007	0.002
0.03	0.148	0.056	0.034	0.061	9.298	0.142	0.108	0.027	0.037	0.034	0.028	0.025	0.045	0.013	0.017	0.007
0.04	0.124	0.05	0.033	0.078	7.733	0.126	0.095	0.027	0.015	0.037	0.028	0.022	0.049	0.01	0.011	0.008
0.05	0.129	0.055	0.019	0.073	6.258	0.119	0.086	0.026	0.03	0.042	0.02	0.037	0.038	0.008	0.013	0.004
0.06	0.14	0.048	0.025	0.065	5.313	0.133	0.101	0.023	0.024	0.044	0.029	0.032	0.028	0.009	0.007	0.005
0.07	0.147	0.041	0.029	0.071	4.385	0.123	0.084	0.033	0.014	0.056	0.03	0.022	0.03	0.009	0.017	0.002
0.08	0.133	0.045	0.029	0.064	3.51	0.131	0.093	0.021	0.019	0.039	0.043	0.023	0.041	0.009	0.014	0.009
0.09	0.128	0.046	0.024	0.072	3.11	0.116	0.105	0.029	0.019	0.043	0.028	0.019	0.036	0.009	0.01	0.002
0.1	0.148	0.046	0.027	0.058	2.5	0.137	0.104	0.03	0.02	0.047	0.034	0.03	0.042	0.004	0.013	0.0
0.11	0.121	0.043	0.03	0.05	2.056	0.117	0.072	0.026	0.015	0.04	0.026	0.022	0.04	0.007	0.01	0.003
0.12	0.127	0.053	0.017	0.066	1.77	0.136	0.092	0.034	0.009	0.039	0.021	0.031	0.027	0.012	0.006	0.009
0.14	0.125	0.045	0.033	0.051	1.453	0.123	0.097	0.03	0.014	0.039	0.017	0.032	0.04	0.011	0.014	0.006
0.15	0.13	0.043	0.026	0.057	1.241	0.128	0.077	0.026	0.025	0.05	0.021	0.033	0.038	0.006	0.005	0.001
0.16	0.13	0.043	0.029	0.065	1.045	0.146	0.075	0.016	0.016	0.046	0.034	0.034	0.049	0.013	0.002	0.004
0.17	0.102	0.061	0.024	0.058	0.935	0.136	0.073	0.032	0.018	0.04	0.022	0.019	0.04	0.004	0.012	0.003
0.18	0.14	0.069	0.02	0.058	0.779	0.106	0.067	0.018	0.022	0.048	0.026	0.026	0.025	0.011	0.008	0.002
0.19	0.121	0.054	0.022	0.067	0.692	0.132	0.092	0.025	0.017	0.028	0.029	0.027	0.044	0.008	0.008	0.004
0.2	0.136	0.043	0.028	0.065	0.63	0.145	0.086	0.031	0.019	0.054	0.02	0.025	0.034	0.006	0.011	0.007
0.21	0.135	0.037	0.026	0.06	0.6	0.129	0.081	0.029	0.024	0.042	0.033	0.026	0.046	0.008	0.014	0.002
0.22	0.123	0.043	0.023	0.053	0.569	0.131	0.076	0.029	0.031	0.039	0.026	0.033	0.045	0.014	0.017	0.004
0.23	0.135	0.051	0.027	0.061	0.626	0.138	0.082	0.015	0.038	0.051	0.022	0.029	0.032	0.004	0.011	0.005
0.24	0.144	0.052	0.029	0.069	0.65	0.169	0.069	0.026	0.031	0.041	0.032	0.034	0.043	0.008	0.005	0.009
0.25	0.15	0.074	0.039	0.08	0.661	0.161	0.082	0.025	0.049	0.047	0.036	0.025	0.041	0.014	0.014	0.005
0.26	0.14	0.081	0.034	0.077	0.698	0.188	0.093	0.028	0.032	0.065	0.046	0.044	0.057	0.014	0.014	0.007
0.27	0.162	0.101	0.043	0.097	0.736	0.191	0.107	0.035	0.034	0.061	0.036	0.047	0.054	0.012	0.019	0.007
0.28	0.226	0.12	0.052	0.107	0.756	0.193	0.135	0.047	0.052	0.082	0.042	0.06	0.059	0.008	0.03	0.016
0.29	0.237	0.128	0.064	0.162	0.885	0.265	0.135	0.07	0.053	0.076	0.055	0.074	0.108	0.011	0.025	0.01
0.3	0.3	0.196	0.1	0.203	0.876	0.284	0.227	0.092	0.073	0.12	0.111	0.075	0.12	0.026	0.024	0.015
0.31	0.426	0.264	0.107	0.294	0.858	0.336	0.319	0.169	0.085	0.156	0.132	0.099	0.165	0.042	0.049	0.023
0.32	0.506	0.343	0.136	0.422	0.915	0.42	0.636	0.213	0.151	0.186	0.145	0.142	0.213	0.055	0.066	0.04
0.33	0.578	0.472	0.163	0.511	0.851	0.505	0.813	0.291	0.176	0.232	0.192	0.19	0.275	0.087	0.065	0.054
0.34	0.667	0.655	0.219	0.627	0.8	0.504	0.959	0.328	0.183	0.249	0.206	0.209	0.323	0.096	0.082	0.063
0.35	0.822	0.757	0.246	0.786	0.702	0.566	1.043	0.309	0.199	0.31	0.232	0.227	0.348	0.121	0.105	0.063
0.36	0.886	0.982	0.245	0.868	0.706	0.656	1.166	0.359	0.238	0.311	0.305	0.227	0.42	0.1	0.119	0.074
0.38	0.904	1.104	0.295	0.918	0.677	0.599	1.226	0.403	0.262	0.356	0.327	0.312	0.383	0.12	0.116	0.083
0.39	0.929	1.181	0.313	1.021	0.597	0.64	1.25	0.449	0.239	0.353	0.348	0.275	0.435	0.133	0.096	0.092
0.4	1.024	1.321	0.374	1.038	0.624	0.623	1.265	0.46	0.314	0.327	0.385	0.295	0.429	0.142	0.133	0.098
0.41	1.109	1.447	0.339	1.054	0.607	0.615	1.345	0.43	0.306	0.383	0.419	0.29	0.443	0.117	0.143	0.105
0.42	1.016	1.513	0.364	1.027	0.605	0.696	1.222	0.521	0.304	0.368	0.361	0.304	0.449	0.126	0.135	0.101
0.43	1.096	1.604	0.303	1.081	0.549	0.633	1.261	0.477	0.305	0.359	0.352	0.334	0.466	0.116	0.131	0.1
0.44	1.117	1.49	0.358	1.081	0.575	0.625	1.27	0.491	0.28	0.376	0.391	0.338	0.479	0.122	0.123	0.086
0.45	1.024	1.594	0.401	1.175	0.536	0.67	1.188	0.427	0.303	0.4	0.37	0.31	0.461	0.126	0.13	0.071
0.46	0.989	1.65	0.34	1.054	0.556	0.63	1.146	0.44	0.29	0.377	0.386	0.278	0.457	0.114	0.126	0.072
0.47	0.988	1.725	0.347	1.116	0.564	0.625	1.115	0.435	0.281	0.34	0.365	0.265	0.442	0.138	0.135	0.082
0.48	0.986	1.605	0.366	1.089	0.653	0.645	0.929	0.427	0.288	0.344	0.307	0.278	0.415	0.131	0.118	0.063
0.49	0.984	1.703	0.29	1.027	0.692	0.531	0.951	0.396	0.289	0.307	0.291	0.239	0.43	0.122	0.102	0.095
0.5	0.928	1.716	0.326	0.969	0.839	0.511	0.743	0.329	0.247	0.327	0.283	0.238	0.4	0.099	0.125	0.088
0.51	0.967	1.821	0.328	1.032	0.857	0.563	0.557	0.335	0.219	0.292	0.258	0.233	0.36	0.088	0.11	0.08
0.52	0.858	1.687	0.317	0.97	0.823	0.507	0.472	0.285	0.216	0.308	0.253	0.194	0.318	0.1	0.102	0.05
0.53	0.866	1.676	0.3	0.915	0.771	0.486	0.514	0.248	0.191	0.292	0.206	0.187	0.316	0.094	0.091	0.07
0.54	0.805	1.575	0.298	0.949	0.693	0.48	0.464	0.274	0.186	0.295	0.23	0.182	0.31	0.099	0.116	0.054
0.55	0.836	1.61	0.313	0.901	0.676	0.491	0.472	0.274	0.186	0.289	0.229	0.168	0.286	0.089	0.088	0.068
0.56	0.884	1.517	0.298	0.969	0.567	0.483	0.461	0.274	0.194	0.294	0.211	0.185	0.333	0.086	0.107	0.056
0.57	0.863	1.577	0.303	0.908	0.506	0.512	0.535	0.277	0.201	0.336	0.256	0.186	0.357	0.095	0.119	0.062
0.58	0.878	1.641	0.3	1.047	0.482	0.524	0.615	0.341	0.181	0.307	0.283	0.21	0.341	0.098	0.106	0.069
0.59	0.896	1.671	0.301	0.978	0.408	0.524	0.799	0.348	0.25	0.283	0.285	0.202	0.349	0.107	0.097	0.07
0.6	0.925	1.697	0.345	1.023	0.415	0.511	0.877	0.325	0.231	0.331	0.313	0.202	0.367	0.106	0.076	0.092
0.61	0.924	1.742	0.353	0.984	0.375	0.563	0.977	0.356	0.235	0.279	0.33	0.225	0.353	0.12	0.113	0.084
0.62	0.895	1.714	0.321	1.004	0.343	0.555	0.9	0.348	0.226	0.327	0.33	0.232	0.381	0.118	0.114	0.086
0.64	0.938	1.58	0.35	1.032	0.317	0.54	0.968	0.335	0.222	0.279	0.265	0.223	0.366	0.106	0.111	0.076
0.65	0.901	1.659	0.344	1.04	0.287	0.536	0.965	0.351	0.223	0.324	0.273	0.224	0.381	0.098	0.113	0.066
0.66	0.959	1.694	0.376	0.995	0.294	0.514	0.936	0.341	0.235	0.307	0.332	0.229	0.356	0.118	0.11	0.072
0.67	0.887	1.611	0.412	1.016	0.299	0.537	0.949	0.345	0.256	0.333	0.317	0.226	0.348	0.108	0.12	0.077
0.68	0.893	1.624	0.377	1.02	0.303	0.498	0.919	0.351	0.235	0.369	0.301	0.205	0.38	0.099	0.074	0.061
0.69	0.886	1.624	0.372	1.005	0.313	0.512	0.798	0.303	0.251	0.33	0.296	0.222	0.385	0.105	0.098	0.07
0.7	0.847	1.563	0.363	1.028	0.332	0.505	0.817	0.29	0.258	0.315	0.269	0.203	0.344	0.089	0.091	0.076
0.71	0.863	1.534	0.29	0.995	0.358	0.486	0.79	0.35	0.247	0.318	0.26	0.181	0.357	0.09	0.081	0.061
0.72	0.906	1.462	0.32	0.963	0.356	0.438	0.747	0.311	0.251	0.265	0.284	0.191	0.276	0.109	0.067	0.073
0.73	0.869	1.349	0.285	0.91	0.385	0.491	0.738	0.239	0.259	0.271	0.227	0.172	0.317	0.099	0.072	0.081
0.74	0.826	1.346	0.283	0.883	0.457	0.433	0.654	0.233	0.212	0.277	0.228	0.179	0.264	0.088	0.08	0.06
0.75	0.804	1.22	0.299	0.822	0.59	0.396	0.592	0.206	0.187	0.276	0.209	0.147	0.225	0.07	0.068	0.084
0.76	0.778	1.192	0.291	0.676	0.669	0.389	0.63	0.259	0.215	0.241	0.216	0.14	0.224	0.083	0.067	0.07
0.77	0.71	1.086	0.283	0.618	0.78	0.341	0.548	0.215	0.218	0.205	0.21	0.121	0.195	0.068	0.079	0.056
0.78	0.704	1.019	0.263	0.559	0.758	0.373	0.571	0.227	0.21	0.225	0.16	0.128	0.198	0.08	0.072	0.052
0.79	0.658	0.893	0.23	0.53	0.791	0.386	0.601	0.192	0.175	0.218	0.155	0.12	0.204	0.063	0.052	0.049
0.8	0.589	0.823	0.233	0.459	0.832	0.322	0.628	0.2	0.184	0.184	0.153	0.119	0.218	0.053	0.065	0.042
0.81	0.541	0.837	0.212	0.439	0.909	0.305	0.666	0.158	0.175	0.174	0.143	0.101	0.181	0.062	0.046	0.037
0.82	0.562	0.797	0.22	0.362	0.936	0.34	0.638	0.137	0.138	0.165	0.119	0.123	0.18	0.055	0.036	0.035
0.83	0.497	0.732	0.164	0.319	0.86	0.327	0.586	0.127	0.098	0.161	0.102	0.1	0.136	0.048	0.029	0.034
0.84	0.421	0.644	0.169	0.308	0.864	0.315	0.55	0.095	0.113	0.139	0.105	0.089	0.132	0.033	0.035	0.026
0.85	0.435	0.536	0.144	0.26	0.842	0.256	0.516	0.106	0.104	0.145	0.094	0.091	0.124	0.037	0.041	0.024
0.86	0.431	0.433	0.135	0.242	0.891	0.241	0.53	0.076	0.088	0.105	0.072	0.069	0.114	0.026	0.024	0.034
0.88	0.35	0.401	0.143	0.199	0.911	0.243	0.402	0.08	0.085	0.131	0.079	0.079	0.116	0.024	0.029	0.026
0.89	0.317	0.353	0.118	0.153	0.9	0.205	0.329	0.075	0.072	0.102	0.063	0.045	0.11	0.033	0.024	0.016
0.9	0.343	0.268	0.103	0.16	0.88	0.242	0.279	0.051	0.057	0.079	0.055	0.048	0.077	0.026	0.023	0.022
0.91	0.268	0.202	0.093	0.143	0.898	0.212	0.219	0.06	0.055	0.086	0.055	0.055	0.074	0.023	0.027	0.018
0.92	0.245	0.163	0.088	0.121	0.871	0.214	0.178	0.051	0.045	0.077	0.042	0.038	0.082	0.018	0.016	0.014
0.93	0.226	0.134	0.058	0.107	0.87	0.201	0.155	0.038	0.046	0.074	0.047	0.038	0.075	0.016	0.015	0.014
0.94	0.218	0.108	0.062	0.112	0.778	0.166	0.15	0.031	0.042	0.067	0.044	0.042	0.051	0.021	0.015	0.012
0.95	0.201	0.081	0.055	0.101	0.774	0.194	0.125	0.039	0.04	0.065	0.037	0.037	0.059	0.024	0.013	0.002
0.96	0.192	0.065	0.04	0.078	0.688	0.184	0.133	0.043	0.04	0.042	0.041	0.028	0.043	0.016	0.013	0.004
0.97	0.178	0.083	0.033	0.082	0.636	0.188	0.126	0.038	0.03	0.066	0.035	0.037	0.058	0.019	0.021	0.006
0.98	0.156	0.061	0.032	0.077	0.601	0.157	0.105	0.037	0.028	0.075	0.033	0.045	0.047	0.015	0.019	0.009
0.99	0.154	0.056	0.04	0.087	0.523	0.142	0.108	0.033	0.021	0.054	0.03	0.037	0.044	0.014	0.013	0.006
1.0	0.173	0.043	0.039	0.078	0.513	0.154	0.099	0.029	0.021	0.045	0.027	0.031	0.035	0.012	0.009	0.007
1.01	0.16	0.051	0.031	0.082	0.464	0.173	0.092	0.039	0.026	0.058	0.034	0.034	0.044	0.012	0.017	0.003
1.02	0.137	0.057	0.023	0.067	0.418	0.183	0.085	0.044	0.016	0.047	0.039	0.036	0.039	0.009	0.015	0.006
1.03	0.131	0.047	0.032	0.062	0.35	0.18	0.102	0.032	0.021	0.053	0.027	0.037	0.024	0.008	0.015	0.006
1.04	0.131	0.047	0.028	0.067	0.338	0.185	0.087	0.031	0.025	0.04	0.028	0.046	0.045	0.01	0.008	0.008
1.05	0.132	0.02	0.034	0.063	0.328	0.178	0.093	0.04	0.017	0.047	0.027	0.029	0.045	0.012	0.009	0.006
1.06	0.138	0.034	0.032	0.052	0.291	0.179	0.077	0.032	0.019	0.04	0.035	0.03	0.049	0.007	0.018	0.009
1.07	0.119	0.036	0.029	0.069	0.277	0.193	0.085	0.038	0.018	0.04	0.022	0.028	0.036	0.011	0.011	0.004
1.08	0.15	0.039	0.019	0.063	0.227	0.176	0.074	0.03	0.022	0.052	0.031	0.026	0.042	0.009	0.012	0.003
1.09	0.157	0.03	0.036	0.052	0.183	0.166	0.089	0.031	0.027	0.043	0.028	0.035	0.03	0.009	0.006	0.005
1.1	0.139	0.047	0.02	0.052	0.169	0.17	0.084	0.031	0.015	0.05	0.021	0.033	0.043	0.006	0.018	0.008
1.11	0.15	0.045	0.017	0.062	0.18	0.163	0.099	0.03	0.019	0.051	0.026	0.033	0.055	0.012	0.008	0.002
1.12	0.151	0.053	0.026	0.057	0.121	0.159	0.09	0.048	0.024	0.052	0.029	0.049	0.043	0.01	0.013	0.004
1.14	0.138	0.049	0.024	0.05	0.138	0.152	0.094	0.026	0.015	0.047	0.027	0.037	0.041	0.012	0.01	0.009
1.15	0.125	0.051	0.021	0.05	0.139	0.166	0.085	0.036	0.016	0.044	0.019	0.03	0.039	0.007	0.008	0.004
1.16	0.14	0.054	0.028	0.074	0.122	0.163	0.089	0.036	0.02	0.051	0.037	0.04	0.053	0.016	0.012	0.002
1.17	0.143	0.05	0.022	0.063	0.106	0.183	0.109	0.025	0.019	0.044	0.03	0.033	0.039	0.01	0.013	0.004
1.18	0.134	0.056	0.027	0.061	0.096	0.199	0.107	0.029	0.014	0.044	0.033	0.039	0.046	0.012	0.012	0.002
1.19	0.154	0.035	0.022	0.074	0.085	0.172	0.094	0.027	0.018	0.046	0.028	0.032	0.04	0.01	0.011	0.006
1.2	0.125	0.064	0.024	0.06	0.076	0.167	0.084	0.02	0.02	0.049	0.021	0.034	0.039	0.01	0.021	0.003
1.21	0.133	0.049	0.018	0.066	0.087	0.16	0.08	0.019	0.022	0.05	0.032	0.045	0.039	0.012	0.019	0.005
1.22	0.134	0.048	0.026	0.071	0.087	0.178	0.098	0.026	0.023	0.03	0.029	0.044	0.043	0.008	0.012	0.008
1.23	0.176	0.051	0.023	0.076	0.079	0.145	0.087	0.04	0.023	0.04	0.019	0.041	0.05	0.009	0.016	0.003
1.24	0.16	0.063	0.041	0.051	0.094	0.174	0.089	0.032	0.03	0.054	0.03	0.036	0.04	0.021	0.014	0.004
1.25	0.158	0.07	0.029	0.079	0.112	0.208	0.1	0.033	0.027	0.066	0.043	0.048	0.049	0.024	0.024	0.003
1.26	0.149	0.076	0.042	0.075	0.116	0.216	0.1	0.043	0.034	0.06	0.046	0.051	0.057	0.022	0.019	0.008
1.27	0.182	0.082	0.046	0.092	0.126	0.205	0.114	0.035	0.043	0.073	0.044	0.043	0.05	0.018	0.017	0.008
1.28	0.196	0.081	0.035	0.115	0.145	0.244	0.132	0.063	0.038	0.073	0.061	0.059	0.066	0.015	0.027	0.01
1.29	0.239	0.133	0.053	0.148	0.159	0.257	0.154	0.065	0.065	0.087	0.062	0.062	0.075	0.018	0.036	0.013
1.3	0.303	0.191	0.085	0.198	0.131	0.31	0.24	0.097	0.071	0.12	0.082	0.085	0.117	0.039	0.043	0.012
1.31	0.403	0.235	0.106	0.25	0.117	0.399	0.324	0.149	0.086	0.167	0.092	0.12	0.166	0.034	0.051	0.034
1.32	0.486	0.352	0.13	0.374	0.13	0.45	0.55	0.196	0.113	0.203	0.157	0.156	0.224	0.046	0.059	0.041
1.33	0.65	0.458	0.183	0.472	0.094	0.499	0.749	0.221	0.163	0.225	0.194	0.174	0.342	0.067	0.077	0.061
1.34	0.67	0.605	0.205	0.678	0.118	0.575	0.915	0.285	0.21	0.258	0.213	0.201	0.309	0.08	0.071	0.058
1.35	0.735	0.76	0.208	0.736	0.089	0.608	0.978	0.307	0.223	0.291	0.257	0.244	0.345	0.094	0.079	0.058
1.36	0.88	0.869	0.242	0.828	0.059	0.596	1.049	0.36	0.224	0.283	0.24	0.247	0.349	0.098	0.115	0.065
1.38	0.86	1.108	0.286	0.933	0.073	0.612	1.101	0.377	0.252	0.358	0.313	0.264	0.405	0.129	0.103	0.079
1.39	0.961	1.188	0.288	0.969	0.074	0.62	1.142	0.419	0.282	0.333	0.35	0.316	0.375	0.12	0.122	0.081
1.4	0.939	1.299	0.297	1.008	0.061	0.667	1.239	0.408	0.272	0.323	0.369	0.342	0.38	0.106	0.117	0.085
1.41	1.024	1.386	0.303	1.108	0.079	0.675	1.296	0.451	0.338	0.371	0.374	0.306	0.414	0.133	0.137	0.091
1.42	1.005	1.483	0.309	1.052	0.069	0.673	1.255	0.464	0.319	0.366	0.339	0.292	0.426	0.12	0.124	0.087
1.43	0.957	1.462	0.303	1.094	0.089	0.706	1.293	0.464	0.267	0.377	0.389	0.337	0.422	0.135	0.111	0.06
1.44	1.086	1.499	0.307	1.132	0.058	0.656	1.185	0.435	0.271	0.353	0.394	0.314	0.457	0.125	0.11	0.085
1.45	1.031	1.589	0.328	1.134	0.066	0.652	1.103	0.424	0.273	0.372	0.372	0.307	0.422	0.112	0.146	0.098
1.46	0.995	1.659	0.316	1.084	0.097	0.673	1.133	0.404	0.286	0.316	0.364	0.331	0.412	0.09	0.134	0.083
1.47	1.005	1.725	0.34	1.095	0.066	0.628	1.057	0.399	0.249	0.318	0.304	0.291	0.392	0.122	0.12	0.084
1.48	1.021	1.65	0.336	1.095	0.078	0.639	0.933	0.363	0.25	0.306	0.296	0.267	0.417	0.091	0.103	0.08
1.49	0.957	1.56	0.349	1.048	0.095	0.647	0.822	0.34	0.27	0.341	0.307	0.223	0.41	0.086	0.113	0.076
1.5	0.941	1.718	0.358	0.965	0.098	0.628	0.653	0.319	0.229	0.359	0.273	0.246	0.381	0.088	0.121	0.079
1.51	0.859	1.647	0.324	0.918	0.126	0.61	0.518	0.301	0.222	0.296	0.224	0.211	0.35	0.103	0.115	0.1
1.52	0.886	1.773	0.325	0.853	0.11	0.57	0.487	0.245	0.214	0.317	0.242	0.179	0.308	0.095	0.09	0.085
1.53	0.826	1.622	0.34	0.894	0.1	0.577	0.399	0.254	0.205	0.273	0.217	0.173	0.322	0.083	0.096	0.062
1.54	0.828	1.669	0.321	0.895	0.128	0.544	0.451	0.236	0.2	0.264	0.203	0.189	0.329	0.071	0.096	0.064
1.55	0.805	1.619	0.313	0.839	0.098	0.523	0.426	0.242	0.182	0.284	0.214	0.158	0.31	0.087	0.097	0.063
1.56	0.787	1.574	0.314	0.917	0.085	0.539	0.469	0.262	0.188	0.273	0.208	0.175	0.322	0.088	0.111	0.064
1.57	0.834	1.613	0.288	0.89	0.08	0.65	0.559	0.259	0.196	0.31	0.227	0.223	0.33	0.088	0.086	0.074
1.58	0.841	1.648	0.322	0.925	0.095	0.586	0.673	0.284	0.212	0.311	0.272	0.205	0.339	0.097	0.116	0.063
1.59	0.914	1.625	0.326	0.971	0.074	0.59	0.759	0.294	0.242	0.319	0.272	0.204	0.357	0.122	0.094	0.066
1.6	0.905	1.685	0.345	0.979	0.043	0.643	0.86	0.311	0.267	0.303	0.284	0.227	0.363	0.093	0.109	0.079
1.61	0.942	1.62	0.33	1.097	0.065	0.622	0.923	0.35	0.258	0.359	0.321	0.215	0.375	0.095	0.114	0.076
1.62	0.925	1.734	0.356	1.089	0.048	0.662	0.964	0.323	0.287	0.337	0.332	0.272	0.411	0.122	0.128	0.068
1.64	0.897	1.73	0.356	1.105	0.051	0.62	1.065	0.292	0.251	0.336	0.345	0.28	0.381	0.1	0.113	0.086
1.65	0.936	1.765	0.356	1.112	0.052	0.679	1.081	0.316	0.287	0.354	0.289	0.253	0.358	0.1	0.118	0.089
1.66	0.951	1.711	0.339	1.135	0.048	0.655	1.046	0.35	0.271	0.305	0.292	0.254	0.376	0.141	0.128	0.098
1.67	0.985	1.868	0.335	1.131	0.049	0.695	1.067	0.315	0.27	0.374	0.314	0.229	0.385	0.114	0.11	0.087
1.68	0.962	1.753	0.348	1.011	0.059	0.684	0.982	0.34	0.246	0.346	0.339	0.232	0.387	0.114	0.114	0.086
1.69	1.022	1.681	0.327	1.029	0.057	0.666	0.954	0.298	0.238	0.384	0.286	0.253	0.35	0.103	0.107	0.093
1.7	0.968	1.712	0.332	1.018	0.071	0.62	0.978	0.326	0.262	0.343	0.315	0.223	0.343	0.094	0.109	0.095
1.71	1.137	2.03	0.414	1.251	0.144	0.83	1.161	0.379	0.332	0.415	0.379	0.29	0.438	0.122	0.118	0.096
1.72	1.374	2.26	0.472	1.358	0.176	0.876	1.265	0.427	0.341	0.488	0.396	0.34	0.487	0.14	0.148	0.119
1.73	1.429	2.472	0.558	1.608	0.241	0.961	1.32	0.441	0.395	0.566	0.431	0.354	0.533	0.157	0.162	0.128
1.74	1.637	2.511	0.601	1.498	0.315	1.091	1.322	0.427	0.38	0.55	0.445	0.354	0.532	0.153	0.17	0.122
1.75	1.685	2.642	0.581	1.489	0.343	1.008	1.299	0.442	0.415	0.591	0.437	0.378	0.503	0.134	0.164	0.131
1.76	1.767	2.587	0.634	1.475	0.416	0.996	1.378	0.434	0.417	0.601	0.418	0.373	0.539	0.118	0.124	0.151
1.77	1.727	2.499	0.68	1.333	0.469	1.036	1.438	0.423	0.385	0.632	0.417	0.373	0.47	0.124	0.146	0.144
1.78	1.734	2.533	0.641	1.244	0.497	1.079	1.455	0.419	0.45	0.598	0.406	0.386	0.463	0.129	0.121	0.153
1.79	1.659	2.69	0.622	1.208	0.596	1.053	1.555	0.393	0.406	0.607	0.342	0.382	0.497	0.093	0.11	0.141
1.8	1.679	2.642	0.681	1.129	0.614	1.044	1.818	0.359	0.437	0.631	0.344	0.347	0.503	0.109	0.113	0.129
1.81	1.616	2.41	0.608	1.032	0.679	1.04	1.881	0.352	0.43	0.586	0.335	0.338	0.513	0.135	0.112	0.107
1.82	1.654	2.448	0.57	1.047	0.732	1.076	1.92	0.327	0.443	0.564	0.371	0.368	0.486	0.13	0.107	0.106
1.83	1.615	2.251	0.572	1.007	0.766	1.01	1.974	0.351	0.455	0.601	0.385	0.372	0.506	0.148	0.086	0.116
1.84	1.563	2.1	0.568	0.95	0.817	0.973	1.948	0.324	0.401	0.545	0.334	0.346	0.486	0.117	0.084	0.114
1.85	1.453	1.975	0.553	0.858	0.838	0.964	1.879	0.312	0.392	0.545	0.358	0.314	0.483	0.103	0.1	0.105
1.86	1.383	1.709	0.411	0.792	0.844	0.891	1.771	0.265	0.364	0.538	0.338	0.297	0.43	0.128	0.115	0.116
1.88	1.303	1.511	0.458	0.713	0.913	0.893	1.553	0.255	0.3	0.473	0.24	0.265	0.427	0.12	0.093	0.095
1.89	1.181	1.184	0.438	0.624	1.002	0.866	1.355	0.241	0.273	0.432	0.216	0.245	0.344	0.102	0.101	0.079
1.9	1.056	0.962	0.35	0.554	1.066	0.85	1.187	0.213	0.206	0.321	0.22	0.209	0.295	0.076	0.089	0.054
1.91	0.853	0.753	0.313	0.496	1.24	0.816	0.885	0.22	0.198	0.333	0.21	0.167	0.26	0.076	0.077	0.036
1.92	0.759	0.544	0.228	0.409	1.257	0.793	0.731	0.174	0.177	0.261	0.162	0.147	0.259	0.061	0.065	0.041
1.93	0.669	0.459	0.192	0.337	1.335	0.757	0.595	0.161	0.15	0.248	0.153	0.123	0.253	0.032	0.063	0.031
1.94	0.586	0.352	0.175	0.342	1.348	0.761	0.568	0.146	0.11	0.216	0.107	0.131	0.219	0.049	0.062	0.02
1.95	0.524	0.294	0.175	0.281	1.423	0.669	0.478	0.156	0.097	0.235	0.118	0.103	0.211	0.047	0.063	0.023
1.96	0.521	0.297	0.151	0.261	1.366	0.701	0.509	0.118	0.087	0.2	0.113	0.117	0.175	0.02	0.05	0.017
1.97	0.475	0.233	0.133	0.252	1.412	0.719	0.47	0.111	0.079	0.178	0.102	0.111	0.178	0.042	0.054	0.02
1.98	0.453	0.203	0.137	0.214	1.372	0.747	0.415	0.081	0.085	0.155	0.1	0.112	0.145	0.035	0.044	0.011
1.99	0.441	0.192	0.122	0.192	1.34	0.718	0.465	0.089	0.08	0.151	0.071	0.093	0.119	0.018	0.048	0.021
2.0	0.381	0.166	0.139	0.19	1.578	0.764	0.411	0.11	0.069	0.159	0.073	0.094	0.142	0.022	0.046	0.017
2.01	0.395	0.143	0.113	0.188	1.756	0.779	0.402	0.115	0.072	0.183	0.09	0.105	0.13	0.024	0.037	0.018
2.02	0.442	0.142	0.109	0.195	2.09	0.766	0.425	0.115	0.064	0.141	0.086	0.073	0.116	0.029	0.047	0.011
2.03	0.388	0.151	0.102	0.191	2.499	0.765	0.432	0.102	0.073	0.144	0.093	0.09	0.158	0.029	0.038	0.02
2.04	0.38	0.186	0.101	0.21	3.314	0.736	0.466	0.084	0.065	0.14	0.091	0.102	0.151	0.016	0.042	0.013
2.05	0.424	0.133	0.114	0.208	3.859	0.765	0.415	0.109	0.096	0.145	0.1	0.081	0.186	0.029	0.047	0.014
2.06	0.413	0.152	0.103	0.211	4.715	0.835	0.472	0.123	0.081	0.162	0.088	0.098	0.18	0.032	0.054	0.015
2.07	0.463	0.169	0.124	0.223	5.45	0.884	0.464	0.128	0.085	0.158	0.093	0.081	0.162	0.025	0.059	0.009
2.08	0.457	0.184	0.108	0.207	6.252	0.867	0.493	0.107	0.065	0.19	0.118	0.114	0.187	0.032	0.068	0.015
2.09	0.453	0.164	0.114	0.257	6.888	0.864	0.49	0.128	0.074	0.177	0.111	0.108	0.169	0.031	0.069	0.019
2.1	0.462	0.192	0.14	0.246	7.791	0.954	0.512	0.14	0.089	0.219	0.128	0.109	0.18	0.04	0.062	0.019
2.11	0.475	0.216	0.114	0.231	8.21	1.003	0.544	0.131	0.098	0.209	0.121	0.143	0.191	0.032	0.075	0.019
2.12	0.533	0.23	0.134	0.302	8.735	0.954	0.562	0.15	0.084	0.239	0.114	0.122	0.195	0.034	0.078	0.028
2.14	0.572	0.194	0.122	0.294	9.299	1.057	0.567	0.15	0.09	0.229	0.115	0.142	0.188	0.034	0.06	0.027
2.15	0.554	0.234	0.124	0.319	9.661	1.066	0.591	0.186	0.103	0.219	0.143	0.138	0.214	0.04	0.071	0.036
2.16	0.558	0.264	0.156	0.294	9.976	1.092	0.615	0.161	0.101	0.264	0.139	0.149	0.238	0.064	0.081	0.021
2.17	0.601	0.28	0.14	0.32	9.836	1.106	0.674	0.182	0.121	0.228	0.126	0.148	0.228	0.05	0.08	0.03
2.18	0.623	0.307	0.152	0.32	9.846	1.105	0.678	0.144	0.112	0.221	0.15	0.158	0.226	0.049	0.083	0.023
2.19	0.599	0.323	0.145	0.331	10.071	1.211	0.677	0.172	0.121	0.25	0.171	0.149	0.251	0.051	0.094	0.032
2.2	0.648	0.3	0.182	0.349	10.047	1.175	0.713	0.177	0.136	0.265	0.141	0.171	0.256	0.064	0.084	0.034
2.21	0.671	0.347	0.173	0.333	9.948	1.224	0.693	0.209	0.145	0.258	0.179	0.177	0.262	0.069	0.088	0.022
2.22	0.82	0.41	0.166	0.362	9.703	1.3	0.783	0.226	0.148	0.276	0.155	0.203	0.287	0.057	0.12	0.028
2.23	0.817	0.436	0.202	0.43	9.393	1.325	0.791	0.231	0.171	0.308	0.181	0.216	0.296	0.062	0.112	0.025
2.24	0.825	0.441	0.219	0.476	9.015	1.477	0.841	0.247	0.198	0.364	0.214	0.234	0.317	0.069	0.137	0.036
2.25	0.958	0.607	0.246	0.51	8.814	1.531	0.962	0.288	0.215	0.376	0.245	0.278	0.385	0.064	0.163	0.052
2.26	1.12	0.717	0.264	0.612	8.734	1.613	1.032	0.328	0.216	0.419	0.251	0.265	0.392	0.076	0.18	0.059
2.27	1.168	0.921	0.321	0.78	8.206	1.694	1.237	0.405	0.277	0.501	0.297	0.343	0.552	0.096	0.233	0.077
2.28	1.41	1.106	0.376	0.962	8.1	1.967	1.398	0.498	0.309	0.619	0.345	0.417	0.686	0.13	0.272	0.104
2.29	1.785	1.474	0.571	1.299	7.389	2.267	1.741	0.756	0.418	0.738	0.483	0.496	0.871	0.205	0.337	0.122
2.3	2.4	2.144	0.721	1.858	6.709	2.757	2.492	1.068	0.598	0.927	0.687	0.601	1.221	0.278	0.415	0.214
2.31	3.168	3.018	1.082	2.715	5.934	2.99	4.218	1.571	0.808	1.365	0.966	0.89	1.84	0.369	0.525	0.285
2.32	4.199	4.665	1.435	3.994	5.108	3.5	8.063	2.406	1.189	1.728	1.388	1.172	2.702	0.554	0.636	0.415
2.33	5.352	6.859	1.851	5.705	4.309	3.969	10.308	3.255	1.551	2.001	1.72	1.519	3.448	0.774	0.879	0.515
2.34	6.598	9.864	2.046	7.486	3.785	4.273	11.753	3.479	1.937	2.312	1.959	1.765	3.785	0.95	1.001	0.628
2.35	7.502	13.281	2.573	9.105	3.312	4.6	13.406	4.021	2.079	2.6	2.35	2.021	4.089	1.048	1.153	0.742
2.36	8.537	16.502	3.319	10.536	2.986	4.741	14.286	4.363	2.286	2.792	2.776	2.061	4.252	1.202	1.234	0.768
2.38	9.444	19.033	3.789	11.76	2.821	5.101	14.994	4.668	2.423	3.16	3.133	2.403	4.445	1.296	1.408	0.873
2.39	9.856	21.655	4.179	12.586	2.598	5.349	15.922	5.04	2.702	3.356	3.369	2.534	4.904	1.385	1.335	0.927
2.4	10.37	22.884	4.753	13.054	2.535	5.414	16.347	5.155	2.856	3.373	3.528	2.534	4.932	1.445	1.489	0.898
2.41	10.896	25.079	4.962	13.793	2.502	5.644	17.954	5.13	2.941	3.528	3.631	2.676	4.815	1.367	1.528	1.006
2.42	10.957	26.341	4.999	13.879	2.368	5.808	17.147	5.29	3.159	3.735	3.645	2.811	4.97	1.513	1.546	0.951
2.43	11.28	27.324	5.134	14.087	2.462	5.866	17.106	5.454	3.037	3.6	3.562	2.781	5.081	1.611	1.741	0.967
2.44	11.453	28.246	5.329	14.399	2.379	5.846	16.699	5.21	3.232	3.675	3.646	2.706	5.09	1.426	1.718	1.008
2.45	11.79	28.796	5.388	14.375	2.444	5.898	16.312	5.036	3.227	3.684	3.536	2.792	5.238	1.336	1.795	0.998
2.46	11.658	29.558	5.468	14.234	2.485	5.809	16.042	5.103	3.347	3.733	3.541	2.615	5.213	1.428	1.754	0.975
2.47	11.72	30.349	5.384	14.256	2.747	5.692	15.029	4.954	3.166	3.804	3.479	2.704	5.324	1.395	1.718	0.935
2.48	11.71	29.815	5.372	13.903	3.163	5.85	13.34	4.708	2.903	3.759	3.373	2.626	4.963	1.412	1.883	0.862
2.49	11.461	30.018	5.322	13.786	3.901	5.506	11.923	4.37	2.864	3.811	3.274	2.297	5.1	1.23	1.742	0.844
2.5	11.563	30.644	5.656	13.065	4.781	5.404	8.892	4.241	2.58	3.766	3.114	2.096	4.776	1.196	1.626	0.753
2.51	10.975	31.207	5.604	12.267	5.627	5.263	7.222	3.793	2.453	3.547	3.023	2.008	4.179	1.243	1.502	0.783
2.52	10.545	31.61	5.438	11.814	5.746	5.288	6.474	3.639	2.567	3.573	2.729	1.956	3.865	1.177	1.376	0.694
2.53	10.654	32.091	5.475	12.053	5.538	5.209	6.11	3.313	2.558	3.405	2.626	1.851	3.812	1.089	1.427	0.706
2.54	10.537	31.692	5.25	12.059	5.213	5.235	6.0	3.271	2.4	3.362	2.699	1.894	3.755	1.125	1.403	0.639
2.55	10.483	31.863	5.102	11.908	4.756	5.195	5.999	3.332	2.349	3.27	2.778	1.823	3.803	1.087	1.462	0.661
2.56	10.415	31.413	4.954	12.286	4.305	5.442	6.329	3.375	2.455	3.309	2.836	1.913	3.984	1.116	1.351	0.755
2.57	10.669	31.874	5.029	12.885	3.776	5.569	7.853	3.701	2.591	3.345	2.869	1.987	4.021	1.222	1.474	0.825
2.58	11.079	31.5	5.252	13.202	3.221	5.569	9.022	4.106	2.772	3.492	3.009	2.085	4.377	1.269	1.566	0.868
2.59	11.328	31.562	5.424	13.284	2.951	5.919	10.444	4.224	2.981	3.664	3.217	2.173	4.512	1.324	1.534	0.99
2.6	11.549	31.903	5.7	13.461	2.629	5.886	11.66	4.304	3.159	3.685	3.35	2.137	4.684	1.32	1.616	1.114
2.61	11.44	32.337	5.693	13.713	2.373	5.964	12.353	4.557	3.297	3.758	3.552	2.278	4.875	1.401	1.861	1.026
2.62	11.802	31.693	5.727	13.719	2.286	6.259	12.755	4.601	3.364	3.898	3.565	2.303	4.88	1.342	1.78	1.15
2.64	11.861	31.585	5.802	13.998	2.072	6.36	13.254	4.719	3.434	4.001	3.593	2.403	4.858	1.434	1.877	1.129
2.65	12.288	31.111	5.749	14.245	1.962	6.213	13.801	4.736	3.445	4.069	3.639	2.467	5.033	1.397	1.798	1.092
2.66	12.053	31.169	6.001	14.135	1.919	6.161	13.875	4.501	3.592	4.102	3.802	2.274	4.886	1.343	1.769	1.145
2.67	12.166	30.835	5.823	14.106	1.888	6.193	13.654	4.482	3.612	4.223	3.889	2.325	4.871	1.359	1.64	1.167
2.68	12.231	30.82	5.545	13.897	1.853	6.273	13.752	4.652	3.582	4.238	3.79	2.373	4.898	1.356	1.636	1.133
2.69	12.371	30.295	5.68	13.52	1.912	6.221	13.734	4.667	3.427	4.257	3.715	2.368	4.736	1.333	1.533	1.249
2.7	12.134	29.848	5.658	13.159	2.015	6.244	13.289	4.465	3.337	4.143	3.795	2.314	4.815	1.391	1.609	1.251
2.71	12.474	29.152	5.339	13.236	2.188	5.837	12.699	4.461	3.31	4.113	3.659	2.501	4.546	1.231	1.632	1.239
2.72	12.364	28.445	5.3	12.895	2.497	5.726	12.098	4.211	3.297	4.224	3.539	2.308	4.116	1.298	1.511	1.058
2.73	12.013	27.741	5.184	12.956	2.798	5.437	11.171	4.119	3.23	4.136	3.586	2.353	3.994	1.174	1.469	0.973
2.74	11.837	26.358	5.132	12.131	3.259	5.428	10.25	3.656	3.005	3.859	3.115	2.249	3.7	1.096	1.295	1.157
2.75	11.949	25.893	5.141	11.384	3.965	5.252	9.568	3.463	3.074	3.883	2.906	2.108	3.543	0.981	1.186	1.092
2.76	11.775	24.262	5.133	10.342	4.807	5.01	9.092	3.307	2.86	3.742	2.754	2.071	3.345	1.011	1.247	1.007
2.77	10.845	23.19	4.806	9.4	5.604	4.876	9.11	3.029	2.717	3.64	2.694	1.977	3.124	0.899	1.12	0.951
2.78	10.584	21.624	4.739	8.669	6.553	4.714	9.758	2.842	2.64	3.564	2.435	1.821	3.055	0.869	0.998	0.933
2.79	10.249	21.057	4.42	7.948	7.072	4.666	10.296	2.71	2.438	3.59	2.295	1.871	3.125	0.776	0.844	0.867
2.8	10.005	20.3	4.004	7.289	7.817	4.419	10.837	2.385	2.437	3.473	2.044	1.733	2.856	0.701	0.776	0.743
2.81	9.311	19.186	3.751	6.926	8.42	4.3	11.228	2.298	2.413	3.11	1.907	1.664	2.761	0.72	0.753	0.769
2.82	9.076	18.764	3.696	6.411	8.925	4.13	11.303	2.152	2.435	2.982	1.777	1.492	2.794	0.766	0.706	0.769
2.83	8.948	16.917	3.491	5.943	9.345	3.873	11.543	2.103	2.393	2.929	1.778	1.539	2.617	0.736	0.627	0.797
2.84	8.294	15.59	3.361	5.64	9.467	3.834	10.963	1.893	2.272	2.637	1.733	1.427	2.575	0.705	0.59	0.712
2.85	7.798	14.147	3.215	5.01	9.818	3.609	10.309	1.785	2.194	2.461	1.637	1.298	2.376	0.711	0.548	0.646
2.86	7.172	12.014	2.838	4.344	10.362	3.48	9.565	1.595	1.986	2.281	1.403	1.223	2.233	0.719	0.49	0.614
2.88	6.497	9.945	2.555	3.952	10.706	3.208	8.167	1.52	1.723	2.025	1.31	1.153	1.96	0.629	0.458	0.482
2.89	5.722	7.759	2.231	3.404	11.43	3.042	6.712	1.312	1.393	1.75	1.14	0.928	1.838	0.512	0.405	0.44
2.9	5.099	5.7	1.868	2.973	12.278	2.831	5.705	1.185	1.132	1.459	0.983	0.886	1.543	0.402	0.382	0.365
2.91	4.455	4.406	1.609	2.532	13.176	2.676	4.487	1.023	0.983	1.392	0.888	0.703	1.268	0.34	0.334	0.273
2.92	3.923	3.291	1.318	2.102	13.54	2.499	3.401	0.963	0.792	1.151	0.771	0.634	1.177	0.299	0.351	0.22
2.93	3.324	2.507	1.245	1.816	13.847	2.243	2.88	0.837	0.662	1.07	0.672	0.58	1.094	0.237	0.311	0.18
2.94	3.026	2.037	1.039	1.6	14.168	2.167	2.356	0.733	0.544	0.887	0.554	0.521	0.963	0.234	0.268	0.149
2.95	2.688	1.628	0.834	1.469	13.575	2.184	2.055	0.627	0.499	0.877	0.544	0.461	0.807	0.201	0.263	0.144
2.96	2.343	1.388	0.732	1.301	13.158	2.072	1.878	0.627	0.435	0.662	0.491	0.459	0.757	0.2	0.233	0.107
2.97	2.113	1.272	0.618	1.132	12.315	1.981	1.757	0.593	0.427	0.655	0.429	0.429	0.659	0.177	0.242	0.089
2.98	1.948	1.118	0.517	1.045	11.292	1.964	1.663	0.497	0.339	0.673	0.395	0.407	0.583	0.154	0.206	0.102
2.99	1.845	1.038	0.517	0.956	10.318	1.86	1.45	0.541	0.278	0.61	0.354	0.356	0.529	0.146	0.2	0.074
3.0	1.81	0.988	0.48	0.896	10.455	1.784	1.436	0.483	0.294	0.587	0.322	0.435	0.586	0.171	0.208	0.059
3.01	1.72	0.917	0.478	0.855	10.099	1.854	1.434	0.444	0.283	0.577	0.356	0.405	0.595	0.14	0.199	0.068
3.02	1.556	0.851	0.398	0.806	9.657	1.753	1.384	0.491	0.274	0.528	0.303	0.389	0.527	0.138	0.189	0.058
3.03	1.642	0.828	0.428	0.834	9.354	1.809	1.267	0.492	0.291	0.489	0.306	0.425	0.53	0.122	0.211	0.062
3.04	1.594	0.83	0.379	0.813	9.167	1.788	1.246	0.46	0.278	0.49	0.309	0.389	0.548	0.108	0.187	0.063
3.05	1.528	0.762	0.377	0.779	9.123	1.737	1.263	0.439	0.289	0.52	0.296	0.388	0.51	0.146	0.211	0.058
3.06	1.455	0.699	0.42	0.833	9.309	1.844	1.16	0.398	0.253	0.483	0.333	0.372	0.486	0.129	0.228	0.072
3.07	1.509	0.692	0.411	0.764	9.675	1.797	1.32	0.389	0.275	0.5	0.302	0.392	0.505	0.12	0.209	0.068
3.08	1.55	0.716	0.378	0.757	9.877	1.821	1.262	0.407	0.265	0.462	0.291	0.367	0.494	0.129	0.204	0.04
3.09	1.59	0.691	0.398	0.802	9.719	1.875	1.215	0.454	0.267	0.48	0.317	0.363	0.528	0.116	0.209	0.063
3.1	1.628	0.703	0.396	0.829	10.537	1.807	1.237	0.442	0.263	0.52	0.314	0.384	0.57	0.123	0.181	0.038
3.11	1.514	0.704	0.407	0.83	10.696	1.806	1.307	0.427	0.25	0.526	0.258	0.335	0.574	0.129	0.235	0.049
3.12	1.579	0.708	0.392	0.83	11.011	1.874	1.303	0.407	0.263	0.537	0.294	0.373	0.564	0.104	0.195	0.046
3.14	1.601	0.747	0.4	0.784	10.924	1.839	1.347	0.466	0.273	0.556	0.305	0.383	0.569	0.125	0.22	0.046
3.15	1.635	0.681	0.411	0.751	11.15	1.913	1.267	0.534	0.267	0.567	0.323	0.356	0.539	0.123	0.206	0.067
3.16	1.621	0.742	0.413	0.895	11.247	1.849	1.272	0.467	0.253	0.571	0.325	0.33	0.546	0.12	0.212	0.049
3.17	1.605	0.765	0.386	0.857	11.214	1.858	1.248	0.479	0.276	0.57	0.299	0.384	0.549	0.096	0.204	0.051
3.18	1.706	0.722	0.425	0.836	11.148	1.844	1.289	0.531	0.269	0.559	0.341	0.363	0.575	0.103	0.195	0.054
3.19	1.714	0.752	0.4	0.847	11.087	1.898	1.328	0.458	0.268	0.577	0.283	0.389	0.54	0.107	0.187	0.065
3.2	1.693	0.831	0.425	0.802	10.901	2.002	1.293	0.472	0.295	0.554	0.316	0.381	0.599	0.137	0.203	0.058
3.21	1.629	0.852	0.431	0.856	10.589	2.043	1.337	0.531	0.304	0.586	0.351	0.397	0.594	0.132	0.234	0.06
3.22	1.71	1.003	0.458	0.889	10.481	2.123	1.336	0.508	0.284	0.618	0.385	0.439	0.587	0.124	0.272	0.066
3.23	1.842	1.004	0.521	0.891	10.223	2.204	1.459	0.523	0.333	0.655	0.389	0.45	0.634	0.144	0.299	0.09
3.24	2.003	1.155	0.542	0.956	9.85	2.339	1.541	0.605	0.372	0.758	0.415	0.469	0.641	0.191	0.36	0.089
3.25	2.141	1.323	0.576	1.147	10.141	2.484	1.613	0.624	0.409	0.799	0.473	0.628	0.793	0.209	0.443	0.107
3.26	2.423	1.564	0.634	1.336	9.733	2.638	1.685	0.691	0.559	0.922	0.519	0.686	0.859	0.193	0.421	0.117
3.27	2.717	1.679	0.682	1.54	9.676	2.819	2.005	0.887	0.611	1.042	0.601	0.772	1.112	0.232	0.528	0.177
3.28	3.241	2.265	0.881	1.929	9.358	3.091	2.319	1.084	0.767	1.202	0.735	0.835	1.363	0.351	0.604	0.184
3.29	4.11	2.906	1.181	2.712	8.874	3.589	3.102	1.451	0.939	1.556	1.006	1.147	1.606	0.362	0.682	0.294
3.3	5.156	4.013	1.698	4.009	7.929	4.498	3.932	2.176	1.338	2.186	1.438	1.37	2.242	0.548	0.755	0.445
3.31	6.929	5.75	2.154	5.702	6.968	5.343	6.385	3.257	1.812	2.79	2.023	1.76	3.354	0.714	1.0	0.62
3.32	8.896	8.631	2.857	8.201	5.904	6.266	11.687	4.476	2.512	3.405	2.601	2.305	4.657	1.16	1.396	0.914
3.33	11.311	12.062	3.336	11.169	4.975	6.842	16.01	5.974	3.148	3.904	3.578	2.745	6.029	1.472	1.706	1.109
3.34	13.267	16.882	3.926	13.819	4.445	7.578	18.599	6.772	3.66	4.514	4.103	3.112	6.773	1.58	1.931	1.276
3.35	15.142	21.659	4.708	16.502	3.929	8.135	20.866	7.446	4.083	4.947	4.732	3.534	7.066	2.095	2.135	1.519
3.36	16.658	25.74	5.577	18.295	3.571	8.475	22.259	7.955	4.223	5.217	5.16	3.768	7.991	2.323	2.518	1.587
3.38	18.201	29.674	5.949	19.431	3.274	8.984	23.151	8.665	4.693	5.667	5.528	4.203	8.164	2.374	2.678	1.66
3.39	19.318	32.419	6.727	20.468	3.052	9.169	24.125	8.617	5.039	5.874	5.86	4.199	8.567	2.503	2.885	1.702
3.4	19.427	36.081	7.327	21.268	2.847	9.577	25.504	8.78	5.204	6.259	6.437	4.413	8.639	2.397	2.857	1.636
3.41	20.22	38.973	7.836	21.944	2.906	9.893	26.35	9.038	5.493	6.427	6.284	4.627	8.644	2.45	2.842	1.911
3.42	20.359	41.45	8.074	22.438	2.911	10.25	26.223	9.354	5.516	6.526	6.517	4.638	8.718	2.515	2.895	1.855
3.43	20.78	43.077	8.0	22.632	2.862	9.925	25.875	9.065	5.497	6.624	6.503	4.407	8.666	2.787	3.046	1.89
3.44	20.756	44.216	8.221	22.791	3.256	10.285	25.236	9.255	5.581	6.815	6.869	4.382	8.526	2.579	3.3	1.964
3.45	21.591	45.708	8.233	22.734	3.407	10.224	25.202	8.895	5.525	6.72	6.826	4.474	8.379	2.423	3.147	1.868
3.46	20.855	47.098	8.174	22.725	3.703	10.216	24.435	8.877	5.362	6.701	6.648	4.458	8.412	2.371	3.123	1.822
3.47	21.092	48.272	7.779	22.889	3.995	9.995	22.852	8.477	5.317	6.823	6.377	4.244	8.144	2.451	3.287	1.851
3.48	20.546	50.534	7.853	22.964	4.851	9.835	20.334	8.143	5.361	7.051	6.465	4.36	7.638	2.385	2.94	1.748
3.49	20.02	52.933	8.08	22.114	5.869	9.534	17.978	7.75	5.298	6.713	6.045	3.896	7.866	2.223	2.911	1.823
3.5	19.758	55.025	8.39	21.114	7.183	9.672	15.287	7.024	5.112	6.834	5.773	3.785	7.404	2.039	2.825	1.897
3.51	19.783	55.078	8.499	20.504	8.439	9.414	12.39	6.457	4.798	6.645	5.424	3.554	6.953	2.049	2.656	1.72
3.52	19.451	57.445	8.809	19.868	8.994	9.509	10.849	6.275	4.608	6.394	5.047	3.317	6.527	2.022	2.512	1.419
3.53	19.09	57.77	8.549	19.804	8.919	9.708	10.412	5.843	4.686	5.988	4.908	3.302	6.463	2.029	2.554	1.439
3.54	19.31	57.168	8.359	19.767	8.865	9.822	10.069	5.763	4.811	6.118	4.816	3.296	6.204	1.958	2.59	1.369
3.55	19.533	56.257	8.469	19.868	8.524	10.031	10.296	5.755	4.727	6.162	5.022	3.306	6.385	1.955	2.587	1.476
3.56	19.662	55.956	8.528	20.343	7.899	10.153	10.906	6.007	4.957	6.419	5.082	3.368	6.712	1.898	2.626	1.528
3.57	20.141	55.249	8.533	21.108	7.219	10.428	12.761	6.411	5.001	6.609	5.661	3.694	6.829	2.008	2.884	1.589
3.58	20.991	56.267	8.954	22.027	6.464	10.61	15.693	6.905	5.186	6.567	5.975	3.861	7.581	2.07	2.817	1.695
3.59	21.871	55.768	8.995	22.248	5.659	11.149	18.516	7.28	5.841	7.226	6.22	3.97	8.123	2.288	2.775	1.744
3.6	22.417	56.766	9.083	22.892	5.383	11.108	21.06	7.633	6.274	7.443	6.8	3.999	8.274	2.418	2.89	1.756
3.61	23.071	57.646	9.182	23.942	4.927	11.552	22.63	7.75	6.665	7.42	6.933	4.121	8.5	2.518	3.06	1.729
3.62	23.226	57.013	9.252	24.204	4.506	11.436	23.556	7.917	6.622	7.583	7.136	4.114	8.895	2.624	2.987	1.83
3.64	23.388	57.605	9.433	24.463	4.156	11.842	24.579	7.924	6.805	7.883	6.961	4.36	9.308	2.65	3.021	1.972
3.65	23.532	57.932	9.651	24.771	4.057	12.058	25.282	7.985	7.014	7.948	7.375	4.386	9.46	2.714	3.041	1.983
3.66	23.767	57.32	10.061	24.7	3.883	12.009	24.57	8.216	7.007	7.979	7.223	4.364	9.442	2.644	2.865	2.04
3.67	23.908	57.021	10.573	24.717	3.767	12.088	23.032	7.992	7.466	8.532	7.397	4.428	9.483	2.984	2.928	2.119
3.68	23.572	55.611	10.493	25.11	3.841	11.813	22.622	8.24	7.254	8.134	7.123	4.398	9.161	3.063	3.143	2.036
3.69	23.757	55.201	10.89	24.772	3.996	11.55	22.315	8.56	7.095	8.012	7.072	4.247	8.803	2.919	3.212	2.049
3.7	23.748	53.976	10.853	24.847	4.196	11.913	20.88	8.531	7.336	8.096	7.034	4.381	8.557	2.821	2.991	2.068
3.71	24.072	53.586	10.756	24.28	4.132	11.529	20.114	8.212	7.09	7.825	7.127	4.431	8.142	2.776	2.746	2.095
3.72	24.095	52.704	10.575	23.838	4.589	11.201	19.159	7.839	6.678	7.616	7.062	4.345	7.756	2.538	2.813	2.1
3.73	24.356	52.123	10.758	23.494	5.212	11.03	17.67	7.515	6.601	7.766	6.357	4.102	7.444	2.523	2.64	2.131
3.74	23.572	51.136	11.38	22.323	6.087	10.614	16.589	7.308	6.456	7.604	6.186	3.916	6.804	2.608	2.64	2.154
3.75	23.267	49.217	11.732	21.333	6.962	10.093	16.413	6.993	6.058	7.552	5.926	4.021	6.765	2.281	2.513	2.34
3.76	22.58	47.274	11.403	19.948	8.293	9.764	16.25	6.456	6.035	7.473	5.698	3.874	6.355	2.225	2.481	2.294
3.77	22.0	46.326	10.967	18.897	9.84	9.624	16.09	6.01	5.587	7.62	5.4	3.779	6.25	1.996	2.055	2.21
3.78	21.506	44.268	10.563	17.076	11.009	9.277	17.162	5.451	5.389	7.314	5.207	3.477	6.3	1.939	1.826	1.99
3.79	21.208	43.478	10.167	15.655	12.359	9.464	18.402	5.154	5.267	7.149	4.819	3.628	5.969	1.791	1.818	1.817
3.8	20.395	41.817	9.712	14.786	13.353	9.29	19.325	4.697	4.998	7.119	4.208	3.548	5.753	1.575	1.711	1.699
3.81	20.044	39.753	8.875	13.325	14.489	9.17	20.051	4.373	4.886	7.015	3.889	3.336	5.866	1.598	1.491	1.599
3.82	19.727	37.917	8.728	12.525	15.604	8.709	20.336	4.086	4.938	6.612	3.806	3.134	5.71	1.584	1.431	1.485
3.83	19.562	36.597	7.962	12.003	15.912	8.457	20.732	4.055	5.174	6.44	3.851	3.03	5.776	1.667	1.384	1.453
3.84	18.436	33.78	7.785	11.289	16.509	8.105	20.577	3.821	5.206	6.174	3.69	2.928	5.486	1.607	1.21	1.335
3.85	17.406	29.579	7.233	10.357	17.205	7.981	19.126	3.522	4.977	5.827	3.363	2.731	5.5	1.482	1.263	1.339
3.86	16.066	25.627	6.445	9.5	18.179	7.478	17.546	3.376	4.605	5.58	3.17	2.526	5.097	1.366	1.113	1.18
3.88	14.548	21.124	5.772	8.426	19.535	7.22	14.981	3.026	4.042	5.005	2.717	2.307	4.582	1.219	0.989	1.074
3.89	12.983	17.544	5.189	7.726	21.499	7.006	13.081	2.805	3.451	4.334	2.409	2.015	3.961	1.134	0.952	1.01
3.9	11.313	13.392	4.206	6.459	22.986	6.48	10.624	2.436	2.799	3.833	2.059	1.738	3.565	0.952	0.854	0.792
3.91	9.954	10.037	3.494	5.83	24.509	6.177	8.805	2.151	2.252	3.441	1.87	1.562	3.131	0.747	0.907	0.662
3.92	8.533	7.369	3.101	4.606	26.348	5.937	7.385	1.869	1.902	2.992	1.673	1.434	2.677	0.683	0.802	0.551
3.93	7.66	5.835	2.572	3.972	27.164	5.638	5.686	1.608	1.744	2.554	1.492	1.259	2.329	0.6	0.756	0.46
3.94	6.826	4.694	2.164	3.481	27.519	5.512	4.77	1.514	1.578	2.217	1.344	1.188	1.984	0.551	0.685	0.408
3.95	6.072	3.786	1.886	3.148	27.53	5.308	4.436	1.446	1.357	2.063	1.226	1.082	1.817	0.423	0.723	0.36
3.96	5.448	3.357	1.724	2.796	26.757	5.456	3.988	1.378	1.215	1.937	1.03	1.031	1.86	0.424	0.615	0.291
3.97	4.92	3.058	1.49	2.477	25.659	5.231	3.706	1.309	1.164	1.794	1.047	0.971	1.625	0.394	0.656	0.252
3.98	4.664	2.691	1.369	2.32	25.18	5.389	3.37	1.289	1.007	1.712	0.954	0.975	1.477	0.36	0.555	0.212
3.99	4.352	2.708	1.26	2.214	24.18	5.103	3.208	1.145	0.97	1.603	0.875	0.931	1.445	0.322	0.596	0.206
4.0	4.123	2.563	1.269	2.164	25.602	5.203	2.91	1.123	0.962	1.409	0.855	0.986	1.384	0.32	0.601	0.17
4.01	3.888	2.317	1.228	1.988	26.346	5.337	2.939	1.107	1.015	1.372	0.823	0.952	1.38	0.324	0.63	0.182
4.02	3.785	2.335	1.113	2.045	28.001	5.378	2.925	1.124	1.051	1.429	0.848	0.961	1.348	0.299	0.606	0.155
4.03	4.047	2.293	1.053	1.934	31.793	5.517	2.723	1.035	0.996	1.396	0.816	0.933	1.385	0.318	0.643	0.174
4.04	3.693	2.203	1.055	2.101	37.233	5.437	2.885	1.106	1.021	1.492	0.856	0.902	1.408	0.331	0.627	0.168
4.05	3.824	2.099	1.032	2.082	44.309	5.725	2.908	1.135	1.116	1.454	0.863	0.964	1.498	0.326	0.693	0.15
4.06	4.0	2.159	1.045	2.065	52.139	5.902	3.052	1.127	1.104	1.496	0.809	1.044	1.506	0.336	0.688	0.166
4.07	4.002	2.236	1.114	2.181	60.096	5.868	2.957	1.183	1.116	1.546	0.9	1.126	1.531	0.36	0.695	0.162
4.08	4.385	2.305	1.186	2.187	69.202	6.152	3.17	1.358	1.063	1.607	0.918	1.102	1.672	0.399	0.781	0.172
4.09	4.53	2.309	1.256	2.435	77.022	6.441	3.297	1.306	1.142	1.641	0.867	1.139	1.693	0.428	0.723	0.175
4.1	4.619	2.307	1.254	2.354	85.509	6.561	3.355	1.395	1.282	1.726	0.984	1.148	1.757	0.43	0.769	0.189
4.11	4.784	2.431	1.295	2.552	92.4	6.859	3.434	1.405	1.329	1.786	1.038	1.228	1.873	0.454	0.81	0.202
4.12	5.017	2.534	1.307	2.485	98.694	6.961	3.518	1.483	1.276	1.894	1.091	1.338	1.784	0.436	0.882	0.255
4.14	5.215	2.686	1.363	2.737	104.665	7.564	3.56	1.525	1.375	1.984	1.131	1.294	2.026	0.489	0.925	0.218
4.15	5.369	2.694	1.482	2.874	109.94	7.672	3.763	1.587	1.453	2.128	1.204	1.333	2.094	0.481	0.874	0.246
4.16	5.484	2.743	1.587	2.88	114.123	8.002	3.831	1.731	1.511	2.042	1.379	1.418	2.1	0.492	0.868	0.238
4.17	5.667	2.992	1.567	2.998	116.238	8.245	4.027	1.737	1.584	2.244	1.218	1.487	2.18	0.535	0.945	0.258
4.18	6.067	3.298	1.744	3.225	119.313	8.613	4.193	1.771	1.663	2.363	1.276	1.486	2.341	0.527	0.961	0.25
4.19	6.143	3.409	1.792	3.13	119.491	8.76	4.302	1.796	1.646	2.366	1.418	1.646	2.436	0.552	0.998	0.27
4.2	6.527	3.606	1.862	3.303	119.833	9.048	4.435	1.982	1.66	2.515	1.571	1.649	2.546	0.632	1.025	0.269
4.21	6.984	3.819	1.959	3.457	119.027	9.431	4.538	1.888	1.687	2.609	1.573	1.688	2.655	0.668	1.201	0.263
4.22	7.171	4.28	2.091	3.535	117.266	9.824	4.74	2.004	1.723	2.671	1.744	1.845	2.818	0.657	1.234	0.333
4.23	7.783	4.837	2.333	3.834	115.495	10.346	4.941	2.152	1.936	2.98	1.857	2.054	2.848	0.657	1.382	0.295
4.24	8.364	5.355	2.66	4.335	113.637	11.05	5.235	2.419	2.11	3.359	2.107	2.269	3.212	0.816	1.521	0.334
4.25	9.543	6.087	2.8	4.821	113.259	11.762	5.747	2.66	2.442	3.664	2.36	2.445	3.655	0.883	1.761	0.435
4.26	10.766	7.188	3.152	5.865	110.84	12.591	6.643	3.177	2.515	3.916	2.43	2.903	4.162	0.96	2.119	0.538
4.27	12.605	8.729	3.643	7.183	107.192	13.687	7.901	4.214	3.23	4.511	3.087	3.221	5.021	1.159	2.462	0.688
4.28	15.004	11.748	4.564	9.565	103.553	15.234	9.332	5.328	3.742	5.334	3.694	3.699	6.25	1.421	2.793	1.159
4.29	19.381	16.001	6.288	13.938	97.603	17.341	12.201	6.922	4.795	7.005	5.015	4.657	8.334	2.064	3.608	1.697
4.3	25.931	22.281	8.798	20.193	87.866	20.317	17.518	10.914	6.711	9.724	7.288	5.901	11.991	2.919	4.455	2.46
4.31	34.64	33.69	11.393	30.514	77.386	24.62	27.909	18.325	9.214	13.366	10.171	7.627	16.871	4.081	5.542	3.124
4.32	45.738	50.849	16.566	43.45	65.778	27.754	48.585	25.471	12.585	17.393	14.809	9.541	23.674	5.547	7.667	4.257
4.33	57.749	72.865	21.045	56.315	55.438	31.481	63.644	31.464	17.077	19.769	18.444	11.997	30.877	7.839	9.992	5.617
4.34	68.047	99.901	25.429	74.177	47.562	33.868	74.798	35.95	20.722	21.463	21.966	13.589	33.508	8.81	12.433	6.776
4.35	80.32	129.1	31.869	88.782	42.402	36.007	80.103	39.001	22.731	24.025	25.462	15.549	35.402	9.831	13.529	7.558
4.36	90.516	157.512	36.512	99.332	37.557	38.31	84.532	40.965	24.675	26.939	28.912	17.09	37.702	11.316	14.359	8.106
4.38	98.345	178.684	39.531	108.244	35.096	40.089	89.175	45.721	25.614	28.996	32.096	18.085	42.396	12.496	15.803	9.314
4.39	102.769	192.683	44.708	115.534	32.774	42.163	92.933	47.346	28.103	30.183	33.44	19.643	41.928	12.812	16.347	9.793
4.4	106.262	212.794	47.439	120.093	31.804	43.967	98.781	48.752	29.314	32.52	36.22	20.275	41.174	13.187	16.643	10.432
4.41	110.181	227.183	50.742	124.125	31.107	44.605	104.068	49.241	30.159	32.003	37.431	20.741	40.02	14.528	16.541	11.291
4.42	113.003	235.934	52.016	129.216	30.794	46.358	102.473	50.715	31.332	33.223	37.949	21.362	40.176	13.938	18.359	12.17
4.43	113.988	244.956	51.738	133.121	29.823	46.611	99.374	48.808	31.533	35.113	37.327	20.873	42.393	13.399	18.975	11.403
4.44	116.545	245.251	52.709	133.44	30.253	46.589	96.324	49.279	31.611	35.324	37.575	20.909	42.791	13.519	19.276	11.549
4.45	115.551	250.663	53.459	134.153	30.806	46.972	93.666	49.178	31.167	35.818	37.21	20.803	41.573	13.129	19.808	11.198
4.46	116.037	250.587	53.057	133.808	32.392	46.973	89.712	49.042	30.244	36.943	36.111	20.771	40.544	13.276	20.128	11.35
4.47	114.763	257.019	53.402	132.471	34.568	46.23	84.988	46.448	28.996	36.481	36.444	20.408	41.929	12.753	20.365	10.43
4.48	114.077	260.57	54.691	130.528	40.574	45.797	77.663	46.401	28.384	36.802	36.138	20.033	41.016	12.576	19.502	10.682
4.49	112.314	271.754	54.268	128.595	48.492	44.233	71.6	41.72	26.97	36.425	33.68	18.57	40.132	11.582	17.914	10.277
4.5	112.147	277.936	55.812	126.127	58.93	43.089	63.081	39.709	26.315	35.612	32.056	16.94	39.481	11.122	17.349	10.112
4.51	108.348	282.66	55.446	120.838	65.878	42.362	54.146	36.149	26.222	34.751	30.291	16.227	36.115	10.897	15.982	9.524
4.52	105.321	280.128	55.179	116.916	68.355	42.577	48.145	33.946	25.145	33.43	29.49	15.89	34.42	11.003	14.619	8.381
4.53	103.776	273.056	53.665	115.018	66.235	41.625	44.947	31.673	24.394	33.352	27.671	15.13	33.52	10.698	14.242	8.009
4.54	101.631	259.848	51.718	112.806	63.515	41.534	43.496	30.254	23.776	31.922	27.529	14.893	32.479	10.578	13.993	7.791
4.55	100.696	253.537	50.861	111.458	58.798	41.684	43.828	29.963	24.192	31.015	27.116	14.856	32.472	10.569	14.616	7.795
4.56	105.09	247.149	51.649	115.327	53.202	42.063	45.67	31.401	23.974	31.073	27.697	15.416	32.928	10.65	15.375	7.777
4.57	107.936	243.708	53.082	118.095	46.875	43.467	54.18	33.251	24.988	31.921	29.651	15.77	33.859	11.322	15.582	9.023
4.58	110.983	240.493	54.168	123.956	41.714	44.636	62.775	36.639	26.738	33.028	30.945	17.118	36.307	11.867	15.702	9.154
4.59	112.207	245.357	55.083	126.378	37.786	46.163	72.501	39.48	29.152	34.695	33.55	17.881	38.847	12.804	16.426	9.416
4.6	114.889	248.157	56.15	128.518	34.188	46.755	78.685	40.312	31.101	36.932	34.173	18.561	40.084	13.023	16.009	9.521
4.61	117.436	243.956	54.491	128.521	30.971	47.443	81.001	41.199	32.972	35.99	35.711	19.291	39.502	13.599	15.805	10.122
4.62	121.108	247.491	55.842	130.641	28.701	49.145	81.077	41.645	32.798	36.947	34.827	19.913	41.138	13.674	16.92	9.983
4.64	119.329	241.575	56.278	129.317	27.269	48.966	81.783	42.62	33.361	38.495	35.764	19.633	40.289	13.383	17.051	10.774
4.65	120.998	239.369	56.508	131.386	25.802	49.212	81.861	41.486	32.405	38.911	35.571	20.188	41.009	13.78	16.817	10.939
4.66	121.982	238.228	58.74	130.499	24.957	49.21	82.095	42.544	32.727	39.399	35.908	19.383	41.792	13.195	16.773	11.105
4.67	120.53	237.918	56.79	133.174	24.175	49.258	79.705	43.198	32.855	40.547	36.254	19.896	41.03	13.149	16.569	11.577
4.68	119.997	237.785	55.012	132.889	24.591	49.61	78.854	41.794	32.615	40.571	36.857	20.424	40.686	14.068	15.597	10.686
4.69	116.707	237.087	55.449	131.598	24.981	47.786	75.711	41.025	31.651	39.998	37.568	20.516	41.457	13.49	15.734	10.574
4.7	117.789	232.369	55.026	129.62	25.843	48.147	72.906	38.935	32.007	40.181	35.205	20.499	39.521	12.831	16.084	11.151
4.71	118.734	226.369	55.008	128.363	27.267	47.452	71.107	37.079	31.568	39.325	34.311	20.913	38.141	13.051	15.424	10.697
4.72	119.1	223.116	51.283	127.643	29.876	46.065	68.357	35.871	31.154	38.778	33.395	19.831	36.801	12.9	14.565	10.698
4.73	121.184	218.794	53.502	127.072	34.413	45.415	66.533	33.9	30.223	38.847	32.683	19.16	36.838	12.356	14.417	10.815
4.74	119.318	220.692	52.165	124.467	41.222	44.828	64.701	32.735	29.942	36.912	30.486	18.559	34.138	11.339	15.022	10.239
4.75	121.997	218.493	53.221	121.102	49.734	42.227	63.627	33.276	29.343	35.729	29.252	17.62	33.228	10.027	14.639	11.53
4.76	119.457	216.091	53.444	111.815	59.525	41.058	62.313	30.869	29.604	36.649	28.362	17.062	31.686	9.888	14.845	11.145
4.77	116.174	213.499	50.044	105.359	70.114	39.425	62.618	29.294	28.528	37.046	25.929	15.778	30.54	9.456	12.701	10.95
4.78	109.736	205.545	49.718	97.883	79.872	38.749	64.339	27.573	27.527	36.006	24.614	15.01	30.507	8.774	10.335	10.583
4.79	108.146	202.139	47.54	91.334	90.061	38.962	66.307	26.192	25.31	36.088	22.751	14.779	29.756	8.852	9.596	10.211
4.8	105.419	196.817	46.155	84.104	97.484	37.675	67.228	24.224	23.713	34.333	20.631	13.923	28.686	8.205	9.139	10.474
4.81	104.67	191.704	44.529	78.05	102.11	36.302	67.095	22.785	23.735	33.192	19.774	13.12	27.964	8.478	8.346	10.006
4.82	103.294	181.57	42.366	72.148	106.255	35.601	68.398	20.299	22.976	32.423	18.732	12.845	27.107	7.8	7.548	9.939
4.83	99.874	169.085	41.152	69.038	107.925	34.954	70.249	18.873	23.599	32.369	17.691	12.479	26.487	7.776	7.383	9.099
4.84	96.538	156.959	39.057	62.988	110.701	33.886	68.099	18.291	23.776	30.205	17.936	12.399	24.765	7.771	6.623	8.422
4.85	91.377	142.38	35.889	60.197	114.793	32.157	64.387	17.021	22.751	27.731	16.173	11.149	23.731	7.55	6.26	8.16
4.86	84.77	121.793	32.477	54.924	120.868	30.758	58.065	15.746	19.814	25.569	14.202	10.334	22.176	7.006	6.254	6.469
4.88	76.831	102.016	28.543	48.529	129.257	28.247	50.799	14.21	17.483	22.51	13.212	9.266	20.579	6.432	5.519	5.912
4.89	66.436	82.874	24.15	42.224	138.153	26.377	42.515	12.721	14.835	19.631	11.014	8.433	17.257	5.393	4.939	4.88
4.9	58.133	62.771	21.295	36.378	145.199	24.487	37.233	11.681	11.77	17.86	10.037	7.262	14.744	4.463	4.85	3.831
4.91	50.848	49.53	17.918	30.99	155.945	22.919	31.172	10.302	9.793	15.736	8.727	6.376	12.235	3.687	4.445	3.369
4.92	44.795	39.443	15.457	26.595	162.17	22.061	26.318	9.118	8.132	13.394	7.949	5.639	11.37	3.277	4.034	2.722
4.93	39.027	31.551	13.092	21.755	167.615	20.732	20.845	7.986	6.509	11.409	6.868	5.207	9.744	2.885	3.588	2.139
4.94	34.027	25.108	11.617	19.231	169.31	19.632	17.782	7.072	5.235	9.907	6.039	4.876	9.086	2.445	3.369	1.756
4.95	29.654	21.009	9.937	17.304	166.285	18.602	15.129	6.18	4.538	9.053	5.458	4.739	8.078	2.399	3.114	1.452
4.96	26.1	18.158	8.857	15.606	160.796	17.794	14.05	5.483	4.151	7.644	4.841	4.355	7.372	2.083	3.046	1.217
4.97	23.757	16.083	7.754	14.04	153.472	17.224	12.865	4.949	3.705	7.045	4.501	3.985	6.547	1.801	2.728	1.026
4.98	20.609	14.261	6.969	13.231	146.103	16.515	11.575	4.68	3.445	6.375	4.185	3.835	5.909	1.745	2.617	0.945
4.99	19.248	12.252	6.571	11.989	136.417	16.255	10.379	4.385	3.144	5.815	3.993	3.721	5.771	1.623	2.374	0.904
5.0	18.341	11.432	5.848	11.281	137.0	16.072	9.791	4.174	3.032	5.841	3.566	3.585	5.149	1.475	2.628	0.82
5.01	17.264	10.99	5.487	10.576	131.933	15.835	9.291	3.853	2.699	5.53	3.719	3.302	5.249	1.375	2.467	0.768
5.02	16.485	9.949	5.374	10.329	128.503	15.15	8.842	3.891	2.628	5.043	3.493	3.313	5.047	1.304	2.423	0.732
5.03	15.874	9.416	5.121	9.936	125.922	15.176	8.617	3.8	2.764	4.93	3.316	3.326	4.981	1.323	2.275	0.628
5.04	15.963	8.668	4.948	9.859	127.608	15.472	8.302	3.901	2.678	4.875	3.39	3.204	4.802	1.268	2.21	0.636
5.05	15.91	8.3	4.93	9.684	130.569	15.269	8.548	3.933	2.693	4.812	3.219	3.269	4.772	1.373	2.124	0.604
5.06	15.587	7.965	4.71	9.494	135.317	15.345	8.368	3.868	2.785	5.047	3.344	3.22	4.898	1.302	2.153	0.637
5.07	15.877	7.982	4.748	9.383	142.128	15.428	8.448	3.972	2.723	5.157	3.269	3.241	5.01	1.289	2.199	0.601
5.08	16.131	7.846	4.51	9.46	148.217	15.573	8.393	3.96	2.737	4.983	3.353	3.194	4.838	1.284	2.189	0.609
5.09	16.317	7.59	4.508	9.705	154.21	15.947	8.476	3.862	2.686	4.942	3.414	3.298	4.761	1.34	2.199	0.604
5.1	16.358	7.611	4.555	9.514	161.569	16.207	8.354	4.03	2.755	5.146	3.482	3.271	4.865	1.331	2.17	0.632
5.11	16.672	7.638	4.364	9.575	167.821	16.238	8.284	3.863	2.769	5.204	3.489	3.36	5.023	1.336	2.202	0.642
5.12	16.871	7.871	4.407	9.915	173.829	16.532	8.621	3.969	2.819	5.108	3.596	3.322	4.985	1.314	2.329	0.615
5.14	16.861	8.068	4.372	9.897	177.814	16.585	8.592	4.126	2.869	5.227	3.586	3.439	5.324	1.402	2.273	0.685
5.15	17.151	8.359	4.681	9.983	182.632	16.743	8.504	4.304	2.948	5.446	3.628	3.511	5.075	1.365	2.222	0.655
5.16	17.245	8.664	4.948	10.104	185.085	16.962	8.765	4.182	2.995	5.417	3.707	3.429	5.125	1.538	2.4	0.698
5.17	17.524	8.703	5.402	10.338	188.302	17.383	8.861	4.282	3.031	5.651	3.763	3.608	5.171	1.606	2.365	0.692
5.18	17.606	9.014	5.491	10.312	189.387	17.484	9.242	4.267	3.03	5.662	3.791	3.541	5.386	1.602	2.42	0.635
5.19	17.627	9.314	5.577	10.578	189.855	17.527	9.55	4.402	3.007	5.914	3.894	3.554	5.423	1.697	2.54	0.677
5.2	18.258	9.476	5.808	10.521	189.187	18.262	9.613	4.412	3.176	5.981	4.119	3.735	5.439	1.617	2.636	0.758
5.21	18.911	10.075	6.037	10.701	188.804	18.666	10.06	4.67	3.206	6.161	4.171	3.906	5.736	1.738	2.813	0.705
5.22	19.592	10.599	6.373	11.273	187.652	19.816	10.26	4.826	3.401	6.493	4.422	4.105	6.017	1.796	2.833	0.729
5.23	21.036	11.826	7.004	11.951	185.29	20.659	11.211	4.918	3.717	6.994	4.687	4.477	5.988	1.999	3.348	0.807
5.24	22.794	13.489	7.679	12.744	185.373	22.083	11.352	5.328	4.066	7.442	5.087	4.96	6.591	2.167	3.993	0.892
5.25	24.433	14.986	8.36	14.877	183.912	23.788	12.233	5.964	4.627	8.504	5.782	5.586	7.337	2.32	4.388	1.108
5.26	27.514	17.115	9.028	17.255	181.458	25.802	13.375	6.914	5.035	9.408	6.043	6.307	8.478	2.602	5.021	1.492
5.27	31.778	20.709	9.846	21.984	178.435	27.393	15.101	7.816	5.871	11.148	7.101	7.837	10.152	3.017	5.575	1.96
5.28	36.861	26.297	11.837	27.969	173.265	30.591	17.771	9.928	7.311	13.46	9.456	8.936	12.551	3.5	6.415	2.469
5.29	46.593	32.441	14.469	37.802	163.561	35.197	23.162	14.085	9.152	16.704	12.788	11.013	15.953	4.814	7.546	3.711
5.3	61.497	43.324	20.355	49.399	149.867	42.296	31.433	22.113	12.919	22.648	16.726	12.817	21.855	6.042	9.639	4.865
5.31	79.312	62.378	27.557	70.148	134.714	49.218	45.353	32.436	19.156	29.617	23.439	16.516	29.957	8.139	12.108	7.604
5.32	103.678	89.065	35.591	93.4	117.117	56.895	71.258	45.441	26.076	37.646	29.392	21.227	44.131	11.299	15.849	9.335
5.33	124.792	122.541	44.042	117.904	100.83	62.281	95.099	56.064	31.437	43.19	37.032	25.106	51.451	14.683	20.081	10.618
5.34	146.055	160.831	52.74	144.532	88.394	67.55	106.273	63.381	37.291	47.065	45.488	29.006	55.355	18.389	26.104	13.472
5.35	160.703	193.696	59.633	166.587	79.862	72.137	116.785	66.454	42.052	52.462	51.118	32.19	58.996	21.266	27.971	14.617
5.36	175.37	222.209	68.513	184.114	72.241	76.369	124.047	69.811	46.241	56.93	56.166	35.226	62.205	23.314	31.424	15.942
5.38	187.588	253.429	76.404	196.776	68.271	80.613	127.571	75.454	49.565	59.617	60.886	37.289	64.812	25.891	30.287	16.646
5.39	199.907	272.015	85.38	209.44	63.355	84.596	130.075	76.567	53.495	61.561	65.537	39.615	68.234	25.966	31.201	18.228
5.4	209.525	293.911	88.212	221.841	61.066	85.391	134.556	79.639	57.632	64.437	67.534	41.42	69.789	26.216	32.479	18.81
5.41	211.447	312.169	89.503	223.566	60.703	87.751	139.568	79.728	58.959	66.249	69.463	43.605	71.993	26.015	31.442	18.894
5.42	216.1	329.56	92.129	227.928	60.194	90.387	140.123	79.264	60.706	65.92	69.777	43.542	74.084	25.24	34.058	19.406
5.43	214.931	344.678	95.437	227.807	58.484	91.006	136.87	79.804	59.274	65.976	71.852	45.028	72.37	25.562	34.798	18.588
5.44	214.187	346.326	93.489	224.656	59.153	92.534	133.476	81.877	61.042	67.682	70.203	46.11	73.459	25.061	34.32	18.093
5.45	212.328	354.32	94.524	227.155	59.371	91.517	130.745	78.029	59.026	66.665	68.865	42.797	74.291	25.278	34.702	17.903
5.46	205.529	360.15	91.28	222.374	61.581	92.115	126.252	74.489	58.632	66.638	67.835	41.624	72.456	23.402	34.302	17.963
5.47	201.271	357.792	91.92	219.692	66.463	90.24	121.565	73.742	55.82	66.74	66.564	43.446	72.384	22.963	33.245	18.45
5.48	200.927	367.114	95.095	219.291	75.423	88.004	114.685	69.128	50.655	67.04	65.258	42.502	69.118	22.745	33.366	18.494
5.49	197.706	374.299	90.769	217.518	85.232	86.531	107.3	64.016	49.065	67.996	62.127	40.228	68.846	22.406	31.773	17.403
5.5	200.303	374.558	93.327	211.751	100.952	86.669	93.924	61.247	45.757	67.503	59.495	36.817	66.58	21.005	30.713	16.908
5.51	194.531	381.199	92.076	202.331	109.339	84.79	83.375	58.884	43.941	63.565	53.81	35.967	62.696	19.863	29.777	15.602
5.52	189.387	373.411	92.122	196.946	111.814	83.145	76.271	53.487	41.313	61.149	51.028	32.946	58.507	19.502	27.52	14.393
5.53	186.251	354.478	88.513	189.918	109.679	81.845	70.154	50.681	40.951	57.641	48.567	31.168	56.006	18.669	26.079	13.813
5.54	180.552	344.88	84.519	182.653	106.389	82.122	68.504	47.515	42.153	56.736	46.267	30.481	55.716	18.096	25.893	13.671
5.55	179.763	330.267	80.407	183.864	100.762	82.256	67.017	45.918	42.188	54.547	45.6	30.613	54.734	18.487	27.487	13.65
5.56	180.722	323.955	79.314	183.995	93.27	84.448	68.767	47.249	43.638	53.344	47.977	30.738	56.476	19.235	27.553	13.516
5.57	184.628	312.605	75.951	188.638	85.663	85.114	76.321	51.112	44.576	55.8	49.33	31.874	57.446	19.866	27.41	13.996
5.58	186.961	316.93	74.993	194.53	77.436	88.467	84.926	52.878	45.968	57.554	52.653	32.482	59.074	20.175	29.696	15.178
5.59	188.479	312.763	75.559	195.387	70.734	88.913	97.761	55.286	49.514	58.885	53.996	34.184	59.098	20.901	30.003	15.742
5.6	192.469	316.133	76.369	201.006	64.563	92.9	107.138	54.96	51.767	61.208	56.381	34.368	60.988	20.839	29.939	16.511
5.61	197.493	321.574	79.005	201.309	60.435	93.829	108.015	54.91	52.821	63.601	56.095	35.838	60.285	21.141	28.977	15.515
5.62	197.719	313.311	74.966	203.643	56.42	95.191	106.997	59.913	52.922	63.072	56.569	35.794	60.67	22.179	29.075	16.376
5.64	197.642	311.965	73.982	201.929	53.745	96.935	107.246	61.478	54.027	63.421	58.757	37.558	62.565	22.52	28.585	16.88
5.65	199.071	310.474	75.682	202.822	51.624	97.269	109.503	61.184	55.474	64.625	58.599	37.336	63.04	22.215	29.722	17.594
5.66	202.407	304.396	75.041	201.775	48.803	98.126	109.101	62.382	56.534	65.74	60.706	37.601	63.81	20.785	29.458	18.593
5.67	200.546	316.011	73.639	200.563	49.267	96.817	105.549	62.971	55.554	67.75	62.328	39.35	65.475	20.788	29.4	20.009
5.68	197.591	321.586	74.31	196.51	49.017	95.672	101.714	62.194	54.379	66.97	63.164	38.575	65.028	20.41	29.67	21.477
5.69	200.601	315.683	76.831	198.347	48.941	96.671	97.619	64.78	53.265	67.78	60.766	38.64	64.766	19.984	28.942	21.963
5.7	203.748	308.734	78.273	200.153	50.471	97.501	96.98	64.141	52.151	66.744	57.992	39.346	63.054	18.79	27.733	19.952
5.71	208.486	316.059	74.585	197.426	52.999	97.288	93.785	63.862	53.181	67.578	58.283	38.755	60.452	20.448	28.197	19.435
5.72	206.367	311.251	72.8	189.422	57.156	96.924	89.911	62.112	52.989	68.098	56.07	38.605	56.7	20.556	29.315	19.049
5.73	207.851	308.312	75.189	188.999	63.968	97.777	86.444	59.929	53.806	65.17	56.1	38.164	56.337	20.273	28.86	18.521
5.74	205.911	305.366	77.153	184.232	72.654	96.429	83.095	57.136	54.222	62.288	53.55	37.502	55.49	19.349	27.855	19.599
5.75	210.955	301.782	80.311	182.134	85.14	94.602	82.849	56.175	54.016	65.448	52.69	36.575	53.062	17.351	27.358	19.083
5.76	209.06	300.768	81.57	175.057	98.115	91.772	83.032	53.678	54.509	64.657	51.683	34.839	53.143	17.313	28.958	17.68
5.77	208.332	299.284	79.735	162.664	114.288	90.85	82.455	49.148	53.616	63.683	49.719	34.186	53.422	18.128	26.92	16.689
5.78	204.444	291.115	83.633	157.895	126.307	89.706	81.659	47.05	52.522	63.599	46.919	32.517	51.578	16.926	25.241	17.023
5.79	198.709	288.174	85.156	147.597	140.802	91.472	82.445	47.429	50.095	63.878	44.226	31.885	51.206	16.394	24.846	16.869
5.8	196.203	288.879	82.939	141.988	150.853	90.326	83.774	44.725	47.514	61.604	41.412	31.435	48.712	16.828	20.527	15.318
5.81	190.858	284.116	77.736	135.3	158.313	91.077	85.781	41.865	47.006	60.559	39.348	30.989	50.247	17.079	19.054	14.43
5.82	194.542	280.051	74.825	130.594	164.663	91.348	90.175	40.466	47.144	60.99	38.908	29.252	49.61	16.355	17.538	14.456
5.83	191.776	285.863	73.188	124.66	169.754	90.566	89.032	37.407	49.383	60.509	37.442	28.669	48.867	16.518	15.939	14.098
5.84	183.064	269.648	71.882	117.128	175.525	88.87	91.185	33.948	49.012	59.241	36.064	28.149	48.911	16.275	14.996	13.385
5.85	172.987	250.084	66.574	109.772	180.302	86.873	86.603	32.342	46.081	55.98	33.859	26.938	46.919	15.644	13.568	12.415
5.86	161.793	221.982	60.757	100.929	186.414	83.2	80.227	29.679	42.751	50.955	31.891	25.029	44.102	14.882	12.439	11.458
5.88	145.105	189.016	54.468	92.043	195.744	78.948	73.91	27.652	38.147	48.361	29.545	23.138	39.247	13.028	11.821	9.832
5.89	128.461	153.543	48.014	78.766	206.833	74.656	64.551	25.453	31.438	43.759	25.567	19.91	33.849	11.417	11.201	9.064
5.9	113.644	117.282	41.846	68.174	218.849	70.482	56.017	23.038	27.319	36.886	22.56	18.499	29.449	9.978	10.631	7.305
5.91	99.409	90.896	35.358	59.641	231.404	64.767	49.516	20.083	22.059	32.965	20.515	17.09	24.378	8.149	9.602	6.497
5.92	87.002	71.808	30.596	50.34	243.408	60.386	43.028	17.869	17.766	29.6	17.226	15.357	22.433	7.19	8.789	5.841
5.93	75.601	58.016	25.373	42.994	250.717	56.773	35.84	16.951	14.515	24.613	16.08	14.004	20.526	5.978	7.697	4.643
5.94	68.757	46.042	22.594	38.302	255.738	53.258	30.179	15.435	12.354	21.808	14.523	12.577	17.744	5.243	7.194	3.673
5.95	61.137	38.217	19.354	33.907	253.933	50.347	26.25	13.224	10.72	19.192	12.806	11.803	16.406	5.03	6.955	3.425
5.96	55.593	33.308	16.855	30.917	252.321	47.971	23.529	11.912	9.766	16.609	11.896	11.197	15.82	4.472	6.378	2.826
5.97	51.928	29.034	15.668	28.53	245.471	46.024	21.993	10.715	9.179	15.164	10.806	10.602	14.482	3.931	6.189	2.453
5.98	47.413	25.721	14.403	25.57	236.989	45.527	20.387	10.095	8.526	14.235	10.165	10.472	13.341	3.8	5.97	2.171
5.99	44.625	22.906	13.223	24.17	226.556	43.825	18.931	9.451	7.423	13.394	9.64	9.837	12.739	3.808	5.721	1.832
6.0	42.83	21.217	11.985	23.171	233.726	43.514	18.39	8.846	6.962	13.137	9.14	9.606	12.186	3.625	5.42	1.811
6.01	41.435	20.092	11.548	22.687	237.268	43.199	17.426	8.775	6.388	12.757	8.697	9.549	11.938	3.23	5.248	1.75
6.02	40.051	18.925	11.438	21.98	248.983	42.751	16.9	8.897	6.591	12.313	8.695	9.556	11.934	3.313	5.328	1.653
6.03	39.084	18.018	11.225	21.899	267.352	42.156	16.587	8.875	6.352	11.947	8.626	9.458	12.316	3.168	5.06	1.476
6.04	39.195	17.741	10.517	21.543	295.736	42.181	16.435	8.569	6.327	11.84	8.469	9.38	12.092	3.28	5.086	1.561
6.05	39.105	17.375	10.752	21.638	331.647	42.441	16.122	8.601	6.423	11.872	8.457	9.382	12.306	3.142	5.004	1.42
6.06	40.277	17.607	10.68	20.944	370.452	42.646	16.792	8.697	6.308	12.273	8.822	9.353	12.327	3.091	5.219	1.565
6.07	40.48	17.06	10.417	20.976	414.881	43.494	16.93	8.487	6.421	12.439	8.872	9.515	12.269	3.185	5.297	1.603
6.08	40.83	17.35	10.196	21.166	461.989	44.535	17.171	8.553	6.36	12.631	9.147	9.611	12.93	3.465	5.503	1.536
6.09	41.312	17.386	10.777	20.812	504.446	44.958	17.341	9.127	6.437	12.884	9.189	9.903	13.058	3.328	5.336	1.623
6.1	42.62	17.187	10.54	21.475	544.452	45.556	17.517	9.174	6.661	13.289	9.289	10.374	13.275	3.289	5.338	1.612
6.11	43.498	17.853	10.672	21.789	582.369	46.93	17.67	9.193	6.943	13.776	9.485	10.563	13.492	3.653	5.485	1.644
6.12	45.385	18.456	10.986	21.887	616.208	47.789	18.323	9.325	7.488	13.967	9.73	11.003	13.814	3.699	5.72	1.635
6.14	46.22	18.713	11.55	22.142	647.61	48.716	18.683	9.22	7.428	14.277	9.767	11.209	13.948	3.947	5.691	1.692
6.15	47.422	19.218	11.357	23.187	669.934	49.121	18.826	9.587	7.614	14.533	10.342	11.428	14.114	3.841	5.706	1.678
6.16	48.605	19.568	11.646	23.394	685.988	49.783	19.353	9.727	7.6	14.868	10.367	11.323	14.718	3.944	5.919	1.766
6.17	49.258	20.319	11.959	23.923	699.438	50.358	19.769	10.305	7.856	15.614	10.764	11.871	15.103	3.762	6.041	1.766
6.18	49.837	20.889	12.194	24.0	704.762	51.84	20.078	10.248	8.408	15.483	11.034	12.107	15.193	3.941	5.847	1.738
6.19	50.779	21.143	12.564	24.853	707.549	52.954	20.613	10.336	8.422	16.264	11.627	12.207	15.707	3.984	6.125	1.717
6.2	53.239	22.55	13.125	25.437	707.168	53.689	21.029	11.007	8.563	16.725	11.773	12.541	15.896	4.317	6.111	1.885
6.21	55.453	24.469	13.823	26.488	705.458	56.48	22.058	11.036	8.883	17.221	12.749	13.226	16.799	4.503	6.579	1.842
6.22	57.678	25.532	15.123	28.119	700.456	60.18	23.298	11.83	9.438	18.114	13.59	14.141	17.138	4.683	7.339	1.925
6.23	61.684	28.311	16.115	29.752	692.772	62.129	24.404	12.515	10.487	19.974	14.633	15.402	18.135	5.06	8.286	2.275
6.24	65.431	30.791	18.31	32.813	680.863	67.261	26.025	13.563	12.077	21.608	15.114	16.861	19.607	5.456	9.695	2.557
6.25	72.304	35.519	18.348	36.431	667.642	72.012	28.036	15.239	13.238	24.14	16.828	18.126	21.496	6.335	10.977	2.96
6.26	78.29	40.133	20.09	41.099	655.617	76.86	30.337	16.657	14.33	25.71	18.355	19.748	23.076	6.586	12.993	3.265
6.27	86.637	46.45	21.502	46.627	642.675	83.589	32.529	19.465	16.143	29.039	21.013	21.493	25.643	7.804	15.363	3.979
6.28	98.081	54.742	24.401	54.491	628.259	94.513	35.331	22.224	17.885	32.842	24.177	24.011	29.323	8.552	18.644	4.522
6.29	110.617	65.575	26.704	65.53	614.712	107.647	40.443	25.783	20.041	38.053	27.373	28.192	34.831	10.203	20.624	5.52
6.3	128.812	80.81	30.346	78.288	590.914	122.38	46.959	32.022	23.119	45.031	31.84	33.545	41.988	11.189	23.154	6.617
6.31	152.959	102.509	37.158	95.662	567.943	138.741	55.038	41.463	28.126	54.137	37.047	40.014	51.269	12.774	28.886	9.415
6.32	184.14	132.297	45.159	123.047	531.602	157.688	66.236	54.728	35.223	63.723	46.246	48.626	66.305	15.531	33.396	11.98
6.33	213.326	171.442	54.893	150.259	499.802	176.086	79.378	67.609	42.338	75.69	57.302	55.653	77.902	19.197	37.089	16.556
6.34	246.025	205.769	66.611	176.223	462.917	193.378	89.611	78.61	49.503	86.453	66.145	65.257	85.633	21.122	42.862	19.481
6.35	279.401	250.747	73.35	198.331	432.141	212.986	98.939	90.287	59.576	95.012	74.069	74.25	93.585	24.397	45.678	23.459
6.36	308.348	284.4	85.197	221.104	407.545	226.164	109.454	98.93	67.308	105.241	85.977	83.234	103.951	28.518	51.195	25.861
6.38	335.728	334.521	95.458	243.139	381.271	239.963	118.209	105.874	79.791	111.739	96.751	91.931	110.745	29.884	54.065	28.32
6.39	365.955	379.407	107.577	262.289	362.671	250.077	127.627	113.797	87.932	118.63	101.332	99.73	112.326	32.373	54.547	29.886
6.4	390.071	419.514	117.324	278.953	343.166	262.78	136.087	118.608	96.499	127.766	109.197	105.405	114.903	32.147	59.141	34.106
6.41	409.658	470.687	125.129	295.274	328.325	273.637	143.892	125.879	102.633	131.976	111.046	111.235	117.718	33.596	59.834	33.0
6.42	424.948	512.67	131.493	304.606	315.771	280.619	147.3	123.863	112.609	135.521	114.169	115.596	119.745	36.243	63.412	36.73
6.43	426.175	540.029	132.402	319.836	305.76	285.886	147.301	123.749	120.034	140.1	118.062	115.909	114.683	37.243	64.535	36.44
6.44	427.096	569.109	130.024	319.517	302.922	289.834	145.392	126.092	126.471	140.936	118.146	115.083	120.015	35.797	62.441	33.89
6.45	424.586	596.276	134.33	315.726	299.489	292.972	147.697	122.005	129.344	136.651	113.727	114.128	118.636	33.586	65.939	33.511
6.46	421.37	604.472	133.927	311.986	303.487	294.151	146.346	121.464	128.47	135.651	115.96	113.266	117.678	35.301	68.317	32.64
6.47	413.834	606.276	136.224	305.123	308.634	292.482	144.747	116.711	131.241	138.757	111.208	108.027	118.067	34.877	67.725	30.952
6.48	405.191	596.341	137.802	302.886	326.039	284.54	145.502	112.166	126.789	137.16	106.092	107.644	116.606	33.523	66.975	31.562
6.49	383.872	567.777	143.229	295.446	343.731	280.397	140.367	108.27	120.46	138.334	102.85	106.753	109.285	30.394	63.256	30.56
6.5	375.978	566.175	143.73	285.095	366.873	276.803	136.888	106.765	117.303	132.127	102.593	104.468	107.661	32.094	60.898	30.6
6.51	360.916	540.926	138.507	272.47	382.201	266.155	132.328	96.981	112.686	123.516	97.712	100.665	107.528	30.387	61.824	27.454
6.52	351.016	505.133	129.355	261.089	381.398	262.967	121.414	91.251	111.768	118.374	91.195	95.646	102.408	28.268	59.116	25.732
6.53	340.544	469.731	122.724	247.217	376.984	257.762	119.162	87.218	108.092	112.857	89.759	91.324	99.679	27.447	58.804	22.204
6.54	333.72	447.052	116.385	238.059	365.512	256.472	113.654	80.231	102.859	110.684	84.482	88.648	95.917	27.936	55.442	20.878
6.55	327.711	428.121	105.736	231.137	354.509	252.471	110.576	79.073	99.778	106.57	83.941	87.312	93.884	26.911	53.229	21.414
6.56	322.935	413.18	100.895	225.885	336.939	249.943	106.864	78.614	96.468	105.536	83.731	83.682	93.026	26.656	50.842	20.866
6.57	321.201	402.675	96.794	225.986	319.782	247.244	107.708	77.079	96.112	103.836	81.241	85.431	93.499	25.547	47.423	20.875
6.58	323.808	397.558	91.63	222.963	302.504	250.228	108.47	77.96	95.95	105.757	83.073	88.059	93.313	25.478	50.215	21.082
6.59	320.747	401.856	88.595	221.082	286.541	251.021	108.106	81.865	96.334	107.656	82.557	87.724	92.343	24.789	48.658	20.473
6.6	327.74	402.61	90.593	220.325	268.29	251.491	111.056	82.897	94.073	107.692	84.37	87.314	95.624	25.779	48.016	19.855
6.61	327.11	407.602	89.617	214.892	249.09	256.666	111.895	83.199	93.341	108.929	85.635	89.07	95.605	25.435	49.838	19.137
6.62	321.106	413.531	88.268	207.995	232.649	257.469	115.219	83.846	96.354	111.916	86.954	92.346	96.906	25.449	50.329	21.024
6.64	323.701	414.645	88.193	207.439	215.303	262.276	116.138	83.796	94.714	111.42	86.076	92.735	95.18	24.738	52.95	21.006
6.65	323.247	410.315	87.855	211.654	204.445	261.048	117.15	83.115	94.687	110.112	85.452	93.258	93.934	25.697	50.472	22.488
6.66	325.358	411.777	88.661	209.702	194.895	264.618	115.08	83.64	92.387	110.15	85.472	93.207	94.591	25.279	49.129	23.498
6.67	331.343	404.974	86.843	204.242	187.576	265.35	117.783	80.994	92.785	112.174	86.142	95.662	96.026	25.591	47.284	23.425
6.68	324.942	403.692	87.966	198.587	181.313	269.634	115.837	83.408	91.476	110.78	85.154	94.309	94.681	24.45	42.425	23.099
6.69	327.465	400.162	85.904	200.21	177.775	273.058	114.817	81.639	91.466	107.908	87.008	93.859	93.496	23.505	43.83	22.874
6.7	328.299	389.246	82.565	194.061	172.683	270.715	114.553	79.159	90.492	111.904	87.988	92.666	92.089	23.847	43.184	22.702
6.71	326.844	382.238	81.91	196.104	174.038	265.977	111.862	79.475	89.804	110.135	86.634	94.359	91.339	24.243	43.518	21.729
6.72	321.799	379.398	83.754	193.052	177.785	261.063	108.797	77.277	88.555	109.55	82.641	91.47	87.496	24.377	42.067	22.286
6.73	314.317	371.288	85.715	192.45	185.664	253.951	111.726	76.399	89.906	106.715	84.734	91.145	84.893	22.877	39.357	22.564
6.74	313.696	368.915	85.302	185.629	196.561	247.706	112.268	77.03	90.98	106.729	87.635	89.345	81.979	22.877	39.072	22.732
6.75	310.727	364.721	81.987	186.703	214.411	242.58	112.484	74.984	95.278	104.115	85.6	88.164	81.47	21.311	37.172	22.172
6.76	304.86	356.406	85.579	175.782	237.438	235.707	114.833	72.854	98.08	104.817	82.298	86.046	77.351	22.536	37.344	22.822
6.77	295.894	351.348	86.935	168.574	262.418	230.833	116.292	67.426	101.451	105.305	82.642	84.323	73.652	22.742	35.485	21.09
6.78	293.189	347.403	89.814	163.18	289.919	225.153	122.186	64.984	112.605	104.116	78.928	80.837	73.166	21.554	34.323	21.051
6.79	287.838	334.744	85.482	157.956	314.933	220.307	127.348	64.543	131.203	103.931	78.547	80.026	72.819	21.239	33.471	22.405
6.8	278.294	307.841	84.324	155.004	334.046	216.858	127.033	62.48	149.749	101.856	75.153	79.477	70.943	21.777	30.584	21.266
6.81	271.926	298.728	79.302	151.273	347.64	210.476	131.087	61.647	178.827	97.202	71.982	75.198	70.206	22.36	27.483	20.215
6.82	271.55	288.07	76.634	146.832	352.747	207.053	128.739	59.213	192.813	95.37	70.663	70.016	68.331	22.451	28.425	20.37
6.83	261.803	272.875	70.614	142.8	352.55	204.135	127.088	57.14	172.033	94.186	69.349	69.295	68.772	23.41	27.197	19.856
6.84	252.318	253.428	63.723	135.656	355.028	196.404	124.704	54.321	146.286	92.928	67.388	67.274	63.752	22.521	24.871	18.791
6.85	233.553	226.903	57.252	126.448	357.804	186.544	114.705	48.659	121.667	85.281	64.23	64.456	60.416	22.48	23.12	16.064
6.86	210.444	194.956	49.851	112.175	366.542	173.709	104.337	45.503	100.752	77.379	57.293	59.985	54.336	21.089	21.722	14.057
6.88	188.324	156.787	44.717	95.444	381.917	160.888	92.433	41.605	82.471	70.252	51.029	54.522	49.659	17.251	18.83	13.287
6.89	164.348	120.887	38.812	80.855	395.531	151.438	81.735	38.318	63.894	60.369	45.257	48.864	45.077	14.251	16.137	10.836
6.9	143.632	93.944	34.111	71.43	413.443	137.404	65.165	32.949	46.494	53.129	40.3	42.822	38.675	11.511	13.6	9.801
6.91	125.884	76.548	28.309	61.933	426.833	125.855	58.714	27.773	36.97	46.692	34.662	37.722	33.523	10.236	11.563	7.929
6.92	111.155	61.641	24.849	54.77	436.895	114.591	47.324	24.503	28.521	39.872	29.257	33.935	29.127	8.301	10.066	6.874
6.93	96.886	50.48	23.102	45.897	442.768	106.832	39.853	21.941	23.563	35.316	25.412	30.27	27.254	7.186	8.809	5.205
6.94	84.257	41.178	20.316	40.475	444.721	99.624	34.539	19.583	19.548	30.666	23.343	27.763	24.009	6.266	8.282	4.754
6.95	77.61	35.595	18.109	36.157	430.067	93.007	30.739	17.709	17.301	28.134	20.081	26.064	21.449	5.54	8.66	3.66
6.96	71.512	31.697	16.48	32.456	416.326	88.603	28.54	15.406	15.086	25.603	18.367	24.606	19.731	4.946	7.442	3.206
6.97	64.558	27.826	14.525	29.712	397.255	84.164	26.123	13.713	14.002	24.148	17.082	22.623	18.436	4.567	6.562	2.791
6.98	59.71	24.848	13.47	26.942	372.519	81.156	23.562	12.53	11.831	21.764	16.064	21.619	17.439	4.091	5.615	2.67
6.99	55.148	22.068	11.851	25.251	347.803	78.706	21.987	11.393	11.301	20.292	14.704	20.828	16.237	3.579	5.229	2.402
