Time	Outside	Home
0	2.97E-06	0.00028955
0.01	2.89E-06	0.000232091
0.02	2.71E-06	0.00019116
0.03	2.89E-06	0.000155083
0.04	2.64E-06	0.00012898
0.05	2.58E-06	0.000104378
0.06	2.64E-06	8.86E-05
0.07	2.62E-06	7.31E-05
0.08	2.64E-06	5.85E-05
0.09	2.54E-06	5.19E-05
0.1	2.74E-06	4.17E-05
0.11	2.30E-06	3.43E-05
0.12	2.51E-06	2.95E-05
0.14	2.50E-06	2.42E-05
0.15	2.46E-06	2.07E-05
0.16	2.59E-06	1.74E-05
0.17	2.38E-06	1.56E-05
0.18	2.39E-06	1.30E-05
0.19	2.51E-06	1.15E-05
0.2	2.62E-06	1.05E-05
0.21	2.56E-06	1.00E-05
0.22	2.54E-06	9.49E-06
0.23	2.59E-06	1.04E-05
0.24	2.81E-06	1.08E-05
0.25	3.11E-06	1.10E-05
0.26	3.40E-06	1.16E-05
0.27	3.72E-06	1.23E-05
0.28	4.54E-06	1.26E-05
0.29	5.44E-06	1.48E-05
0.3	7.27E-06	1.46E-05
0.31	9.85E-06	1.43E-05
0.32	1.36E-05	1.53E-05
0.33	1.70E-05	1.42E-05
0.34	1.98E-05	1.33E-05
0.35	2.27E-05	1.17E-05
0.36	2.57E-05	1.18E-05
0.38	2.74E-05	1.13E-05
0.39	2.87E-05	9.96E-06
0.4	3.04E-05	1.04E-05
0.41	3.16E-05	1.01E-05
0.42	3.14E-05	1.01E-05
0.43	3.19E-05	9.16E-06
0.44	3.19E-05	9.59E-06
0.45	3.20E-05	8.94E-06
0.46	3.09E-05	9.27E-06
0.47	3.10E-05	9.41E-06
0.48	2.95E-05	1.09E-05
0.49	2.87E-05	1.15E-05
0.5	2.71E-05	1.40E-05
0.51	2.68E-05	1.43E-05
0.52	2.45E-05	1.37E-05
0.53	2.38E-05	1.29E-05
0.54	2.33E-05	1.16E-05
0.55	2.33E-05	1.13E-05
0.56	2.35E-05	9.46E-06
0.57	2.43E-05	8.44E-06
0.58	2.57E-05	8.04E-06
0.59	2.65E-05	6.81E-06
0.6	2.74E-05	6.92E-06
0.61	2.82E-05	6.25E-06
0.62	2.79E-05	5.72E-06
0.64	2.73E-05	5.29E-06
0.65	2.77E-05	4.79E-06
0.66	2.80E-05	4.90E-06
0.67	2.79E-05	4.99E-06
0.68	2.74E-05	5.05E-06
0.69	2.68E-05	5.22E-06
0.7	2.61E-05	5.54E-06
0.71	2.55E-05	5.97E-06
0.72	2.46E-05	5.94E-06
0.73	2.36E-05	6.42E-06
0.74	2.23E-05	7.62E-06
0.75	2.07E-05	9.84E-06
0.76	2.02E-05	1.12E-05
0.77	1.83E-05	1.30E-05
0.78	1.79E-05	1.26E-05
0.79	1.67E-05	1.32E-05
0.8	1.58E-05	1.39E-05
0.81	1.51E-05	1.52E-05
0.82	1.44E-05	1.56E-05
0.83	1.28E-05	1.43E-05
0.84	1.17E-05	1.44E-05
0.85	1.08E-05	1.40E-05
0.86	9.68E-06	1.49E-05
0.88	8.82E-06	1.52E-05
0.89	7.45E-06	1.50E-05
0.9	6.77E-06	1.47E-05
0.91	5.88E-06	1.50E-05
0.92	5.14E-06	1.45E-05
0.93	4.60E-06	1.45E-05
0.94	4.22E-06	1.30E-05
0.95	3.97E-06	1.29E-05
0.96	3.56E-06	1.15E-05
0.97	3.70E-06	1.06E-05
0.98	3.31E-06	1.00E-05
0.99	3.10E-06	8.72E-06
1	2.96E-06	8.56E-06
1.01	3.16E-06	7.74E-06
1.02	2.97E-06	6.97E-06
1.03	2.87E-06	5.84E-06
1.04	2.91E-06	5.64E-06
1.05	2.78E-06	5.47E-06
1.06	2.78E-06	4.85E-06
1.07	2.73E-06	4.62E-06
1.08	2.76E-06	3.79E-06
1.09	2.75E-06	3.05E-06
1.1	2.72E-06	2.82E-06
1.11	2.85E-06	3.00E-06
1.12	2.99E-06	2.02E-06
1.14	2.70E-06	2.30E-06
1.15	2.59E-06	2.32E-06
1.16	3.01E-06	2.03E-06
1.17	2.91E-06	1.77E-06
1.18	3.01E-06	1.60E-06
1.19	2.84E-06	1.42E-06
1.2	2.74E-06	1.27E-06
1.21	2.77E-06	1.45E-06
1.22	2.88E-06	1.45E-06
1.23	2.95E-06	1.32E-06
1.24	3.10E-06	1.57E-06
1.25	3.55E-06	1.87E-06
1.26	3.69E-06	1.93E-06
1.27	3.89E-06	2.10E-06
1.28	4.49E-06	2.42E-06
1.29	5.42E-06	2.65E-06
1.3	7.37E-06	2.18E-06
1.31	9.67E-06	1.95E-06
1.32	1.31E-05	2.17E-06
1.33	1.68E-05	1.57E-06
1.34	1.97E-05	1.97E-06
1.35	2.19E-05	1.48E-06
1.36	2.38E-05	9.84E-07
1.38	2.65E-05	1.22E-06
1.39	2.80E-05	1.23E-06
1.4	2.90E-05	1.02E-06
1.41	3.11E-05	1.32E-06
1.42	3.07E-05	1.15E-06
1.43	3.10E-05	1.48E-06
1.44	3.11E-05	9.67E-07
1.45	3.09E-05	1.10E-06
1.46	3.06E-05	1.62E-06
1.47	3.00E-05	1.10E-06
1.48	2.90E-05	1.30E-06
1.49	2.79E-05	1.58E-06
1.5	2.72E-05	1.63E-06
1.51	2.51E-05	2.10E-06
1.52	2.46E-05	1.83E-06
1.53	2.34E-05	1.67E-06
1.54	2.35E-05	2.13E-06
1.55	2.28E-05	1.63E-06
1.56	2.33E-05	1.42E-06
1.57	2.45E-05	1.33E-06
1.58	2.55E-05	1.58E-06
1.59	2.64E-05	1.23E-06
1.6	2.75E-05	7.17E-07
1.61	2.84E-05	1.08E-06
1.62	2.96E-05	8.01E-07
1.64	2.94E-05	8.51E-07
1.65	2.99E-05	8.67E-07
1.66	2.98E-05	8.01E-07
1.67	3.06E-05	8.17E-07
1.68	2.94E-05	9.84E-07
1.69	2.88E-05	9.51E-07
1.7	2.86E-05	1.18E-06
1.71	3.47E-05	2.40E-06
1.72	3.88E-05	2.94E-06
1.73	4.26E-05	4.02E-06
1.74	4.36E-05	5.25E-06
1.75	4.40E-05	5.72E-06
1.76	4.44E-05	6.94E-06
1.77	4.37E-05	7.82E-06
1.78	4.37E-05	8.29E-06
1.79	4.35E-05	9.94E-06
1.8	4.42E-05	1.02E-05
1.81	4.25E-05	1.13E-05
1.82	4.29E-05	1.22E-05
1.83	4.23E-05	1.28E-05
1.84	4.01E-05	1.36E-05
1.85	3.84E-05	1.40E-05
1.86	3.53E-05	1.41E-05
1.88	3.22E-05	1.52E-05
1.89	2.84E-05	1.67E-05
1.9	2.45E-05	1.78E-05
1.91	2.10E-05	2.07E-05
1.92	1.78E-05	2.10E-05
1.93	1.56E-05	2.23E-05
1.94	1.42E-05	2.25E-05
1.95	1.28E-05	2.37E-05
1.96	1.23E-05	2.28E-05
1.97	1.17E-05	2.36E-05
1.98	1.09E-05	2.29E-05
1.99	1.04E-05	2.24E-05
2	1.03E-05	2.63E-05
2.01	1.03E-05	2.93E-05
2.02	1.02E-05	3.49E-05
2.03	1.03E-05	4.17E-05
2.04	1.03E-05	5.53E-05
2.05	1.06E-05	6.44E-05
2.06	1.12E-05	7.86E-05
2.07	1.16E-05	9.09E-05
2.08	1.19E-05	0.000104278
2.09	1.19E-05	0.000114886
2.1	1.29E-05	0.000129947
2.11	1.33E-05	0.000136936
2.12	1.39E-05	0.000145693
2.14	1.42E-05	0.0001551
2.15	1.49E-05	0.000161138
2.16	1.55E-05	0.000166391
2.17	1.59E-05	0.000164056
2.18	1.61E-05	0.000164223
2.19	1.69E-05	0.000167976
2.2	1.74E-05	0.000167576
2.21	1.79E-05	0.000165924
2.22	1.97E-05	0.000161838
2.23	2.07E-05	0.000156667
2.24	2.25E-05	0.000150363
2.25	2.54E-05	0.00014701
2.26	2.79E-05	0.000145676
2.27	3.29E-05	0.000136869
2.28	3.92E-05	0.000135101
2.29	5.01E-05	0.000123242
2.3	6.79E-05	0.000111901
2.31	9.54E-05	9.90E-05
2.32	0.00014062	8.52E-05
2.33	0.000183715	7.19E-05
2.34	0.000221156	6.31E-05
2.35	0.00026083	5.52E-05
2.36	0.000294408	4.98E-05
2.38	0.000324993	4.71E-05
2.39	0.00035149	4.33E-05
2.4	0.000366026	4.23E-05
2.41	0.000387899	4.17E-05
2.42	0.000394556	3.95E-05
2.43	0.000401504	4.11E-05
2.44	0.000405393	3.97E-05
2.45	0.000407307	4.08E-05
2.46	0.000408331	4.14E-05
2.47	0.000406228	4.58E-05
2.48	0.000393551	5.28E-05
2.49	0.000382717	6.51E-05
2.5	0.000367283	7.97E-05
2.51	0.000351379	9.39E-05
2.52	0.000342789	9.58E-05
2.53	0.000341436	9.24E-05
2.54	0.000337526	8.69E-05
2.55	0.000336765	7.93E-05
2.56	0.000339788	7.18E-05
2.57	0.000354502	6.30E-05
2.58	0.000366529	5.37E-05
2.59	0.00037914	4.92E-05
2.6	0.000390036	4.38E-05
2.61	0.00039956	3.96E-05
2.62	0.00040227	3.81E-05
2.64	0.000407703	3.46E-05
2.65	0.000410567	3.27E-05
2.66	0.000409551	3.20E-05
2.67	0.000407839	3.15E-05
2.68	0.000407215	3.09E-05
2.69	0.00040326	3.19E-05
2.7	0.000397147	3.36E-05
2.71	0.00038967	3.65E-05
2.72	0.000378437	4.16E-05
2.73	0.000367889	4.67E-05
2.74	0.000348418	5.44E-05
2.75	0.000337903	6.61E-05
2.76	0.0003214	8.02E-05
2.77	0.000304472	9.35E-05
2.78	0.000292893	0.000109299
2.79	0.000285157	0.000117955
2.8	0.000273514	0.000130381
2.81	0.000262777	0.000140439
2.82	0.000255962	0.000148862
2.83	0.000244803	0.000155867
2.84	0.00022999	0.000157902
2.85	0.000213424	0.000163756
2.86	0.000192035	0.00017283
2.88	0.00016848	0.000178567
2.89	0.000142623	0.000190643
2.9	0.000120169	0.000204787
2.91	0.000101157	0.000219765
2.92	8.46E-05	0.000225836
2.93	7.27E-05	0.000230957
2.94	6.31E-05	0.000236311
2.95	5.65E-05	0.00022642
2.96	5.06E-05	0.000219465
2.97	4.65E-05	0.000205404
2.98	4.29E-05	0.000188341
2.99	3.97E-05	0.000172096
3	3.90E-05	0.000174381
3.01	3.82E-05	0.000168443
3.02	3.56E-05	0.000161071
3.03	3.60E-05	0.000156017
3.04	3.50E-05	0.000152898
3.05	3.44E-05	0.000152164
3.06	3.39E-05	0.000155266
3.07	3.42E-05	0.000161371
3.08	3.38E-05	0.00016474
3.09	3.46E-05	0.000162105
3.1	3.49E-05	0.000175748
3.11	3.46E-05	0.0001784
3.12	3.50E-05	0.000183654
3.14	3.57E-05	0.000182203
3.15	3.56E-05	0.000185973
3.16	3.57E-05	0.000187591
3.17	3.56E-05	0.00018704
3.18	3.63E-05	0.000185939
3.19	3.63E-05	0.000184922
3.2	3.72E-05	0.00018182
3.21	3.82E-05	0.000176616
3.22	3.99E-05	0.000174814
3.23	4.23E-05	0.000170511
3.24	4.60E-05	0.00016429
3.25	5.09E-05	0.000169144
3.26	5.64E-05	0.000162338
3.27	6.43E-05	0.000161388
3.28	7.71E-05	0.000156084
3.29	9.85E-05	0.000148011
3.3	0.000132333	0.000132249
3.31	0.000183298	0.00011622
3.32	0.00025859	9.85E-05
3.33	0.000334103	8.30E-05
3.34	0.000398403	7.41E-05
3.35	0.000460412	6.55E-05
3.36	0.000509115	5.96E-05
3.38	0.000550791	5.46E-05
3.39	0.000582023	5.09E-05
3.4	0.000612826	4.75E-05
3.41	0.000639164	4.85E-05
3.42	0.000655411	4.86E-05
3.43	0.000660756	4.77E-05
3.44	0.000668155	5.43E-05
3.45	0.000672491	5.68E-05
3.46	0.000670007	6.18E-05
3.47	0.000664733	6.66E-05
3.48	0.000658475	8.09E-05
3.49	0.000647487	9.79E-05
3.5	0.000635493	0.000119807
3.51	0.000613262	0.000140756
3.52	0.000606343	0.000150013
3.53	0.000600773	0.000148762
3.54	0.000596615	0.000147861
3.55	0.000598126	0.000142173
3.56	0.000606686	0.000131749
3.57	0.000624283	0.000120407
3.58	0.000654935	0.000107814
3.59	0.000680123	9.44E-05
3.6	0.000705252	8.98E-05
3.61	0.000727081	8.22E-05
3.62	0.000733276	7.52E-05
3.64	0.000747317	6.93E-05
3.65	0.000758176	6.77E-05
3.66	0.000754757	6.48E-05
3.67	0.000756461	6.28E-05
3.68	0.000745761	6.41E-05
3.69	0.000740886	6.67E-05
3.7	0.000731934	7.00E-05
3.71	0.000719918	6.89E-05
3.72	0.000703427	7.65E-05
3.73	0.000689348	8.69E-05
3.74	0.000670055	0.000101526
3.75	0.000652366	0.00011612
3.76	0.000628733	0.00013832
3.77	0.000609148	0.000164123
3.78	0.000586728	0.000183621
3.79	0.000575791	0.000206138
3.8	0.000556746	0.000222717
3.81	0.000536927	0.000241665
3.82	0.000520136	0.000260262
3.83	0.000510582	0.000265399
3.84	0.000485767	0.000275357
3.85	0.000449756	0.000286965
3.86	0.000409059	0.000303211
3.88	0.000358634	0.000325828
3.89	0.000316381	0.000358586
3.9	0.000264274	0.000383388
3.91	0.000225532	0.00040879
3.92	0.000190398	0.000439463
3.93	0.000163236	0.000453073
3.94	0.000143835	0.000458994
3.95	0.000129853	0.000459178
3.96	0.000120306	0.000446285
3.97	0.000111229	0.000427971
3.98	0.000104761	0.000419982
3.99	9.96E-05	0.000403302
4	9.63E-05	0.00042702
4.01	9.42E-05	0.00043943
4.02	9.39E-05	0.000467034
4.03	9.34E-05	0.000530281
4.04	9.35E-05	0.000621016
4.05	9.56E-05	0.000739038
4.06	9.79E-05	0.000869636
4.07	9.97E-05	0.001002352
4.08	0.000105178	0.001154232
4.09	0.000108597	0.001284663
4.1	0.000111362	0.00142622
4.11	0.000116351	0.001541156
4.12	0.000119238	0.001646135
4.14	0.000126005	0.001745726
4.15	0.0001303	0.001833709
4.16	0.000134188	0.001903478
4.17	0.000139282	0.001938754
4.18	0.000147021	0.001990042
4.19	0.000150296	0.001993011
4.2	0.000157562	0.001998716
4.21	0.000164178	0.001985272
4.22	0.000172494	0.0019559
4.23	0.000185671	0.001926361
4.24	0.000203822	0.001895371
4.25	0.000225699	0.001889067
4.26	0.00025475	0.00184872
4.27	0.00030064	0.001787874
4.28	0.000365416	0.001727179
4.29	0.000477702	0.001627938
4.3	0.000655681	0.001465532
4.31	0.000928027	0.001290735
4.32	0.001307977	0.001097123
4.33	0.001686041	0.00092466
4.34	0.002038133	0.000793295
4.35	0.002362763	0.00070723
4.36	0.00264924	0.00062642
4.38	0.002899872	0.000585372
4.39	0.003069136	0.000546643
4.4	0.003244579	0.000530465
4.41	0.003373963	0.000518839
4.42	0.003467713	0.000513619
4.43	0.003509803	0.000497423
4.44	0.003521184	0.000504595
4.45	0.003527308	0.000513819
4.46	0.003506	0.000540272
4.47	0.003485835	0.000576566
4.48	0.003455279	0.000676741
4.49	0.003400482	0.000808807
4.5	0.003351894	0.000982904
4.51	0.00325236	0.001098791
4.52	0.003158598	0.001140105
4.53	0.003070581	0.001104745
4.54	0.002972532	0.001059378
4.55	0.002937087	0.000980702
4.56	0.002968803	0.000887366
4.57	0.003052319	0.000781836
4.58	0.003158299	0.000695755
4.59	0.003289253	0.000630239
4.6	0.003374004	0.000570228
4.61	0.003389412	0.000516571
4.62	0.003448956	0.000478709
4.64	0.003432209	0.000454824
4.65	0.003438943	0.000430356
4.66	0.003450549	0.000416262
4.67	0.003446372	0.000403219
4.68	0.003427873	0.000410158
4.69	0.003386869	0.000416662
4.7	0.003334829	0.00043104
4.71	0.00328039	0.000454791
4.72	0.003213917	0.000498307
4.73	0.003185021	0.00057398
4.74	0.00312516	0.000687549
4.75	0.003087342	0.000829522
4.76	0.003009641	0.000992828
4.77	0.002910043	0.001169444
4.78	0.002797529	0.001332199
4.79	0.00272754	0.001502143
4.8	0.002626871	0.001625953
4.81	0.002549343	0.001703111
4.82	0.002450644	0.001772246
4.83	0.002365864	0.0018001
4.84	0.002246139	0.001846401
4.85	0.002095333	0.001914653
4.86	0.0018863	0.002015979
4.88	0.001663543	0.0021559
4.89	0.001418093	0.002304278
4.9	0.001207847	0.0024218
4.91	0.001027673	0.002601034
4.92	0.000888173	0.002704862
4.93	0.000751542	0.00279568
4.94	0.000654872	0.002823951
4.95	0.00057897	0.002773497
4.96	0.000520243	0.002681945
4.97	0.00047313	0.002559786
4.98	0.000432052	0.002436878
4.99	0.000400739	0.002275323
5	0.000380821	0.002285047
5.01	0.000363709	0.002200534
5.02	0.000347439	0.002143324
5.03	0.000338125	0.002100275
5.04	0.000333294	0.002128396
5.05	0.000330574	0.002177783
5.06	0.000327924	0.002256976
5.07	0.000330156	0.002370578
5.08	0.000329169	0.002472137
5.09	0.000331346	0.002572096
5.1	0.000333682	0.002694838
5.11	0.000335079	0.002799116
5.12	0.000341048	0.002899324
5.14	0.000344863	0.002965791
5.15	0.000349553	0.003046151
5.16	0.000355481	0.003087065
5.17	0.000363616	0.003140722
5.18	0.000367693	0.003158819
5.19	0.000374339	0.003166625
5.2	0.00038369	0.003155483
5.21	0.000397531	0.003149095
5.22	0.000415934	0.003129881
5.23	0.000445824	0.003090484
5.24	0.00048295	0.003091869
5.25	0.000533313	0.003067501
5.26	0.0005965	0.00302657
5.27	0.000692224	0.002976149
5.28	0.00083291	0.002889917
5.29	0.001054961	0.002728063
5.3	0.001396837	0.002499658
5.31	0.001895839	0.002246918
5.32	0.002551313	0.001953415
5.33	0.003164996	0.001681761
5.34	0.003746054	0.001474339
5.35	0.004201166	0.001332032
5.36	0.004612217	0.00120492
5.38	0.004963145	0.001138704
5.39	0.005255092	0.001056709
5.4	0.005512244	0.001018531
5.41	0.005656241	0.001012476
5.42	0.005796218	0.001003986
5.43	0.005854456	0.000975465
5.44	0.005849038	0.000986623
5.45	0.005832886	0.000990259
5.46	0.005747493	0.00102712
5.47	0.005676503	0.001108548
5.48	0.005630628	0.001257993
5.49	0.005536604	0.0014216
5.5	0.005420453	0.001683796
5.51	0.005257272	0.001823684
5.52	0.00506774	0.001864965
5.53	0.004859309	0.001829355
5.54	0.004730036	0.001774481
5.55	0.004645175	0.001680627
5.56	0.004660436	0.001555667
5.57	0.00471122	0.001428788
5.58	0.004850922	0.001291569
5.59	0.00493965	0.001179785
5.6	0.005074574	0.001076858
5.61	0.005139003	0.001008006
5.62	0.00513157	0.000941039
5.64	0.005157786	0.000896422
5.65	0.005191494	0.000861046
5.66	0.005198313	0.000813994
5.67	0.005236364	0.000821733
5.68	0.005208644	0.000817563
5.69	0.00519899	0.000816296
5.7	0.005157054	0.000841815
5.71	0.005166398	0.00088398
5.72	0.005064199	0.000953315
5.73	0.005033015	0.001066934
5.74	0.004949651	0.001211809
5.75	0.004931962	0.001420065
5.76	0.004870341	0.001636477
5.77	0.00476357	0.00190623
5.78	0.004663762	0.002106697
5.79	0.004584497	0.002348461
5.8	0.00448028	0.002516104
5.81	0.004381452	0.00264053
5.82	0.004347481	0.002746443
5.83	0.004301883	0.002831357
5.84	0.004146062	0.002927612
5.85	0.003905379	0.003007289
5.86	0.003592824	0.003109232
5.88	0.003231303	0.003264849
5.89	0.002807693	0.003449804
5.9	0.00241392	0.003650221
5.91	0.002073201	0.003859628
5.92	0.001793433	0.004059845
5.93	0.001550873	0.004181753
5.94	0.001366363	0.004265499
5.95	0.001215158	0.004235393
5.96	0.001105297	0.004208506
5.97	0.001022687	0.004094254
5.98	0.000952824	0.003952781
5.99	0.000892686	0.003778767
6	0.00085689	0.003898357
6.01	0.00083057	0.003957435
6.02	0.00081433	0.004152831
6.03	0.000799257	0.004459211
6.04	0.000791751	0.004932633
6.05	0.0007911	0.005531599
6.06	0.000800566	0.006178834
6.07	0.000803685	0.006919873
6.08	0.000816766	0.007705596
6.09	0.000825958	0.008413744
6.1	0.000839725	0.009081011
6.11	0.000859869	0.009713435
6.12	0.000884119	0.010277842
6.14	0.000898888	0.010801601
6.15	0.000916522	0.011173947
6.16	0.000933549	0.011441714
6.17	0.000956047	0.011666049
6.18	0.000971456	0.011754849
6.19	0.000995325	0.011801334
6.2	0.001027081	0.011794979
6.21	0.001077798	0.011766458
6.22	0.001138853	0.011683029
6.23	0.001216596	0.011554866
6.24	0.001320111	0.011356234
6.25	0.001448807	0.011135718
6.26	0.001580164	0.010935151
6.27	0.001764031	0.010719289
6.28	0.002009681	0.010478842
6.29	0.002317919	0.010252889
6.3	0.002720655	0.009855958
6.31	0.003271727	0.009472821
6.32	0.004007708	0.008866683
6.33	0.004785336	0.008336285
6.34	0.005517015	0.007721074
6.35	0.006261339	0.007207756
6.36	0.006966598	0.006797515
6.38	0.007673414	0.006359286
6.39	0.008292009	0.006049053
6.4	0.008879739	0.005723726
6.41	0.009407138	0.00547619
6.42	0.009829706	0.0052668
6.43	0.010062039	0.005099825
6.44	0.010200489	0.005052489
6.45	0.010271715	0.00499523
6.46	0.010278682	0.005061913
6.47	0.010187213	0.005147761
6.48	0.010019146	0.005438062
6.49	0.009688244	0.00573315
6.5	0.009532744	0.006119139
6.51	0.009129421	0.006374798
6.52	0.008703182	0.006361404
6.53	0.00833281	0.006287782
6.54	0.008029346	0.006096439
6.55	0.007790749	0.005912918
6.56	0.0076106	0.005619865
6.57	0.007512758	0.0053337
6.58	0.007523451	0.005045517
6.59	0.007517027	0.004779268
6.6	0.007574793	0.004474856
6.61	0.007606342	0.004154616
6.62	0.007646041	0.003880394
6.64	0.007669308	0.003591077
6.65	0.007652591	0.003409974
6.66	0.007660223	0.003250688
6.67	0.007653086	0.003128613
6.68	0.007578507	0.003024151
6.69	0.007566536	0.00296514
6.7	0.007478825	0.00288021
6.71	0.007414887	0.00290281
6.72	0.007294437	0.002965307
6.73	0.007200022	0.003096722
6.74	0.00714036	0.003278475
6.75	0.007057469	0.003576199
6.76	0.00693863	0.00396027
6.77	0.006815467	0.004376916
6.78	0.006772952	0.00483561
6.79	0.006733663	0.005252823
6.8	0.006588704	0.005571612
6.81	0.006534273	0.005798349
6.82	0.006455244	0.005883529
6.83	0.00621139	0.005880243
6.84	0.005855876	0.005921574
6.85	0.005365829	0.005967876
6.86	0.004795936	0.006113618
6.88	0.004204241	0.006370061
6.89	0.003626103	0.006597131
6.9	0.003086071	0.006895888
6.91	0.002677089	0.007119223
6.92	0.002309234	0.007287048
6.93	0.002025452	0.007385005
6.94	0.001791112	0.00741758
6.95	0.001625574	0.007173163
6.96	0.001492021	0.006943975
6.97	0.00137061	0.006625886
6.98	0.001268891	0.00621331
6.99	0.00118634	0.005801067