Time	Outside	Home
0	0.802999995	17.36
0.01	0.781999995	13.915
0.02	0.732	11.461
0.03	0.781999995	9.298
0.04	0.712999995	7.733
0.05	0.699	6.258
0.06	0.712999995	5.313
0.07	0.708	4.385
0.08	0.712999995	3.51
0.09	0.685999995	3.11
0.1	0.739999995	2.5
0.11	0.622000005	2.056
0.12	0.679000005	1.77
0.14	0.676999995	1.453
0.15	0.666	1.241
0.16	0.702	1.045
0.17	0.643999995	0.935
0.18	0.646000005	0.779
0.19	0.678	0.692
0.2	0.709999995	0.63
0.21	0.691999995	0.6
0.22	0.687	0.569
0.23	0.700999995	0.626
0.24	0.760999995	0.65
0.25	0.841999995	0.661
0.26	0.919999995	0.698
0.27	1.006000005	0.736
0.28	1.228999995	0.756
0.29	1.473	0.885
0.3	1.966000005	0.876
0.31	2.665999995	0.858
0.32	3.673999995	0.915
0.33	4.603999995	0.851
0.34	5.37	0.8
0.35	6.133999995	0.702
0.36	6.955999995	0.706
0.38	7.408000005	0.677
0.39	7.753999995	0.597
0.4	8.227999995	0.624
0.41	8.545000005	0.607
0.42	8.506999995	0.605
0.43	8.617999995	0.549
0.44	8.626999995	0.575
0.45	8.650000005	0.536
0.46	8.349	0.556
0.47	8.398999995	0.564
0.48	7.990999995	0.653
0.49	7.756999995	0.692
0.5	7.329	0.839
0.51	7.243000005	0.857
0.52	6.637000005	0.823
0.53	6.451999995	0.771
0.54	6.316999995	0.693
0.55	6.3	0.676
0.56	6.352000005	0.567
0.57	6.586999995	0.506
0.58	6.940999995	0.482
0.59	7.159999995	0.408
0.6	7.420999995	0.415
0.61	7.638	0.375
0.62	7.551	0.343
0.64	7.390999995	0.317
0.65	7.498000005	0.287
0.66	7.573999995	0.294
0.67	7.542	0.299
0.68	7.405999995	0.303
0.69	7.257	0.313
0.7	7.057999995	0.332
0.71	6.903	0.358
0.72	6.663	0.356
0.73	6.379000005	0.385
0.74	6.046000005	0.457
0.75	5.605000005	0.59
0.76	5.470999995	0.669
0.77	4.953	0.78
0.78	4.840999995	0.758
0.79	4.525999995	0.791
0.8	4.272	0.832
0.81	4.077	0.909
0.82	3.907000005	0.936
0.83	3.460000005	0.86
0.84	3.174	0.864
0.85	2.913	0.842
0.86	2.620000005	0.891
0.88	2.386999995	0.911
0.89	2.014999995	0.9
0.9	1.833	0.88
0.91	1.59	0.898
0.92	1.392	0.871
0.93	1.243999995	0.87
0.94	1.141000005	0.778
0.95	1.072999995	0.774
0.96	0.961999995	0.688
0.97	1.000000005	0.636
0.98	0.895999995	0.601
0.99	0.838999995	0.523
1	0.802000005	0.513
1.01	0.856000005	0.464
1.02	0.802999995	0.418
1.03	0.777	0.35
1.04	0.786	0.338
1.05	0.751999995	0.328
1.06	0.751000005	0.291
1.07	0.739000005	0.277
1.08	0.748000005	0.227
1.09	0.744	0.183
1.1	0.736999995	0.169
1.11	0.772000005	0.18
1.12	0.808000005	0.121
1.14	0.730999995	0.138
1.15	0.700999995	0.139
1.16	0.814999995	0.122
1.17	0.787000005	0.106
1.18	0.814999995	0.096
1.19	0.769000005	0.085
1.2	0.741	0.076
1.21	0.748999995	0.087
1.22	0.778000005	0.087
1.23	0.799000005	0.079
1.24	0.838999995	0.094
1.25	0.961000005	0.112
1.26	0.997999995	0.116
1.27	1.051999995	0.126
1.28	1.215	0.145
1.29	1.467	0.159
1.3	1.993000005	0.131
1.31	2.616	0.117
1.32	3.537	0.13
1.33	4.534999995	0.094
1.34	5.332999995	0.118
1.35	5.923000005	0.089
1.36	6.445000005	0.059
1.38	7.180000005	0.073
1.39	7.566	0.074
1.4	7.851	0.061
1.41	8.407000005	0.079
1.42	8.314000005	0.069
1.43	8.377000005	0.089
1.44	8.409	0.058
1.45	8.362999995	0.066
1.46	8.28	0.097
1.47	8.128999995	0.066
1.48	7.846999995	0.078
1.49	7.549000005	0.095
1.5	7.357999995	0.098
1.51	6.798	0.126
1.52	6.669	0.11
1.53	6.343000005	0.1
1.54	6.36	0.128
1.55	6.162	0.098
1.56	6.291	0.085
1.57	6.627	0.08
1.58	6.894	0.095
1.59	7.155	0.074
1.6	7.453000005	0.043
1.61	7.696999995	0.065
1.62	8.01	0.048
1.64	7.957000005	0.051
1.65	8.092999995	0.052
1.66	8.052	0.048
1.67	8.278999995	0.049
1.68	7.944	0.059
1.69	7.791	0.057
1.7	7.738000005	0.071
1.71	9.391999995	0.144
1.72	10.491	0.176
1.73	11.51500001	0.241
1.74	11.793	0.315
1.75	11.89900001	0.343
1.76	12.012	0.416
1.77	11.82700001	0.469
1.78	11.811	0.497
1.79	11.75800001	0.596
1.8	11.96500001	0.614
1.81	11.495	0.679
1.82	11.61700001	0.732
1.83	11.44900001	0.766
1.84	10.853	0.817
1.85	10.394	0.838
1.86	9.547999995	0.844
1.88	8.698999995	0.913
1.89	7.681000005	1.002
1.9	6.642	1.066
1.91	5.692999995	1.24
1.92	4.810999995	1.257
1.93	4.222999995	1.335
1.94	3.844000005	1.348
1.95	3.474	1.423
1.96	3.337000005	1.366
1.97	3.157000005	1.412
1.98	2.937	1.372
1.99	2.82	1.34
2	2.782999995	1.578
2.01	2.794000005	1.756
2.02	2.761000005	2.09
2.03	2.776000005	2.499
2.04	2.782999995	3.314
2.05	2.866000005	3.859
2.06	3.019000005	4.715
2.07	3.127000005	5.45
2.08	3.211999995	6.252
2.09	3.228	6.888
2.1	3.492	7.791
2.11	3.601999995	8.21
2.12	3.759	8.735
2.14	3.841000005	9.299
2.15	4.038	9.661
2.16	4.197	9.976
2.17	4.314	9.836
2.18	4.351000005	9.846
2.19	4.576999995	10.071
2.2	4.695	10.047
2.21	4.849999995	9.948
2.22	5.341000005	9.703
2.23	5.602999995	9.393
2.24	6.094999995	9.015
2.25	6.880000005	8.814
2.26	7.543999995	8.734
2.27	8.902000005	8.206
2.28	10.599	8.1
2.29	13.563	7.389
2.3	18.381	6.709
2.31	25.81000001	5.934
2.32	38.046	5.108
2.33	49.706	4.309
2.34	59.83600001	3.785
2.35	70.57000001	3.312
2.36	79.655	2.986
2.38	87.93	2.821
2.39	95.099	2.598
2.4	99.032	2.535
2.41	104.95	2.502
2.42	106.751	2.368
2.43	108.631	2.462
2.44	109.683	2.379
2.45	110.201	2.444
2.46	110.478	2.485
2.47	109.909	2.747
2.48	106.479	3.163
2.49	103.548	3.901
2.5	99.372	4.781
2.51	95.069	5.627
2.52	92.745	5.746
2.53	92.379	5.538
2.54	91.32100001	5.213
2.55	91.115	4.756
2.56	91.93300001	4.305
2.57	95.91400001	3.776
2.58	99.168	3.221
2.59	102.58	2.951
2.6	105.528	2.629
2.61	108.105	2.373
2.62	108.838	2.286
2.64	110.308	2.072
2.65	111.083	1.962
2.66	110.808	1.919
2.67	110.345	1.888
2.68	110.176	1.853
2.69	109.106	1.912
2.7	107.452	2.015
2.71	105.429	2.188
2.72	102.39	2.497
2.73	99.536	2.798
2.74	94.268	3.259
2.75	91.42300001	3.965
2.76	86.958	4.807
2.77	82.37800001	5.604
2.78	79.245	6.553
2.79	77.15200001	7.072
2.8	74.00200001	7.817
2.81	71.097	8.42
2.82	69.25300001	8.925
2.83	66.234	9.345
2.84	62.226	9.467
2.85	57.744	9.818
2.86	51.957	10.362
2.88	45.584	10.706
2.89	38.588	11.43
2.9	32.513	12.278
2.91	27.369	13.176
2.92	22.892	13.54
2.93	19.658	13.847
2.94	17.078	14.168
2.95	15.281	13.575
2.96	13.685	13.158
2.97	12.573	12.315
2.98	11.61100001	11.292
2.99	10.754	10.318
3	10.539	10.455
3.01	10.325	10.099
3.02	9.645	9.657
3.03	9.736000005	9.354
3.04	9.481999995	9.167
3.05	9.303	9.123
3.06	9.165	9.309
3.07	9.253000005	9.675
3.08	9.142999995	9.877
3.09	9.367999995	9.719
3.1	9.435	10.537
3.11	9.351	10.696
3.12	9.469000005	11.011
3.14	9.661000005	10.924
3.15	9.640000005	11.15
3.16	9.664999995	11.247
3.17	9.627	11.214
3.18	9.811999995	11.148
3.19	9.813	11.087
3.2	10.061	10.901
3.21	10.337	10.589
3.22	10.802	10.481
3.23	11.438	10.223
3.24	12.43600001	9.85
3.25	13.769	10.141
3.26	15.24700001	9.733
3.27	17.40400001	9.676
3.28	20.85100001	9.358
3.29	26.643	8.874
3.3	35.804	7.929
3.31	49.593	6.968
3.32	69.96400001	5.904
3.33	90.395	4.975
3.34	107.792	4.445
3.35	124.569	3.929
3.36	137.746	3.571
3.38	149.022	3.274
3.39	157.472	3.052
3.4	165.806	2.847
3.41	172.932	2.906
3.42	177.3280001	2.911
3.43	178.7740001	2.862
3.44	180.776	3.256
3.45	181.949	3.407
3.46	181.277	3.703
3.47	179.85	3.995
3.48	178.157	4.851
3.49	175.184	5.869
3.5	171.939	7.183
3.51	165.924	8.439
3.52	164.052	8.994
3.53	162.545	8.919
3.54	161.42	8.865
3.55	161.829	8.524
3.56	164.145	7.899
3.57	168.906	7.219
3.58	177.1990001	6.464
3.59	184.014	5.659
3.6	190.8130001	5.383
3.61	196.719	4.927
3.62	198.395	4.506
3.64	202.194	4.156
3.65	205.1320001	4.057
3.66	204.207	3.883
3.67	204.668	3.767
3.68	201.773	3.841
3.69	200.454	3.996
3.7	198.032	4.196
3.71	194.781	4.132
3.72	190.319	4.589
3.73	186.51	5.212
3.74	181.29	6.087
3.75	176.504	6.962
3.76	170.1100001	8.293
3.77	164.811	9.84
3.78	158.745	11.009
3.79	155.786	12.359
3.8	150.633	13.353
3.81	145.271	14.489
3.82	140.728	15.604
3.83	138.143	15.912
3.84	131.429	16.509
3.85	121.686	17.205
3.86	110.675	18.179
3.88	97.032	19.535
3.89	85.60000001	21.499
3.9	71.502	22.986
3.91	61.02	24.509
3.92	51.51400001	26.348
3.93	44.165	27.164
3.94	38.916	27.519
3.95	35.133	27.53
3.96	32.55	26.757
3.97	30.09400001	25.659
3.98	28.344	25.18
3.99	26.93800001	24.18
4	26.042	25.602
4.01	25.482	26.346
4.02	25.40200001	28.001
4.03	25.263	31.793
4.04	25.28500001	37.233
4.05	25.869	44.309
4.06	26.499	52.139
4.07	26.97700001	60.096
4.08	28.457	69.202
4.09	29.382	77.022
4.1	30.13000001	85.509
4.11	31.48000001	92.4
4.12	32.261	98.694
4.14	34.092	104.665
4.15	35.25400001	109.94
4.16	36.306	114.123
4.17	37.68400001	116.238
4.18	39.77800001	119.313
4.19	40.664	119.491
4.2	42.63	119.833
4.21	44.42	119.027
4.22	46.67	117.266
4.23	50.235	115.495
4.24	55.146	113.637
4.25	61.065	113.259
4.26	68.925	110.84
4.27	81.341	107.192
4.28	98.867	103.553
4.29	129.247	97.603
4.3	177.401	87.866
4.31	251.087	77.386
4.32	353.886	65.778
4.33	456.1750001	55.438
4.34	551.4370001	47.562
4.35	639.269	42.402
4.36	716.778	37.557
4.38	784.589	35.096
4.39	830.385	32.774
4.4	877.853	31.804
4.41	912.8590001	31.107
4.42	938.2240001	30.794
4.43	949.6120001	29.823
4.44	952.691	30.253
4.45	954.348	30.806
4.46	948.5830001	32.392
4.47	943.127	34.568
4.48	934.86	40.574
4.49	920.034	48.492
4.5	906.888	58.93
4.51	879.9580001	65.878
4.52	854.5900001	68.355
4.53	830.7760001	66.235
4.54	804.248	63.515
4.55	794.658	58.798
4.56	803.2390001	53.202
4.57	825.8350001	46.875
4.58	854.5090001	41.714
4.59	889.94	37.786
4.6	912.87	34.188
4.61	917.039	30.971
4.62	933.149	28.701
4.64	928.6180001	27.269
4.65	930.44	25.802
4.66	933.5800001	24.957
4.67	932.45	24.175
4.68	927.4450001	24.591
4.69	916.3510001	24.981
4.7	902.271	25.843
4.71	887.5420001	27.267
4.72	869.5570001	29.876
4.73	861.7390001	34.413
4.74	845.543	41.222
4.75	835.311	49.734
4.76	814.2880001	59.525
4.77	787.341	70.114
4.78	756.899	79.872
4.79	737.963	90.061
4.8	710.726	97.484
4.81	689.75	102.11
4.82	663.0460001	106.255
4.83	640.1080001	107.925
4.84	607.715	110.701
4.85	566.913	114.793
4.86	510.357	120.868
4.88	450.0880001	129.257
4.89	383.679	138.153
4.9	326.795	145.199
4.91	278.0470001	155.945
4.92	240.3040001	162.17
4.93	203.337	167.615
4.94	177.182	169.31
4.95	156.6460001	166.285
4.96	140.757	160.796
4.97	128.01	153.472
4.98	116.896	146.103
4.99	108.424	136.417
5	103.035	137
5.01	98.405	131.933
5.02	94.00300001	128.503
5.03	91.48300001	125.922
5.04	90.176	127.608
5.05	89.44000001	130.569
5.06	88.72300001	135.317
5.07	89.327	142.128
5.08	89.06	148.217
5.09	89.649	154.21
5.1	90.281	161.569
5.11	90.659	167.821
5.12	92.274	173.829
5.14	93.306	177.814
5.15	94.575	182.632
5.16	96.179	185.085
5.17	98.38000001	188.302
5.18	99.483	189.387
5.19	101.281	189.855
5.2	103.811	189.187
5.21	107.556	188.804
5.22	112.535	187.652
5.23	120.622	185.29
5.24	130.667	185.373
5.25	144.293	183.912
5.26	161.3890001	181.458
5.27	187.2880001	178.435
5.28	225.3520001	173.265
5.29	285.4300001	163.561
5.3	377.928	149.867
5.31	512.9380001	134.714
5.32	690.2830001	117.117
5.33	856.3210001	100.83
5.34	1013.532	88.394
5.35	1136.667	79.862
5.36	1247.881	72.241
5.38	1342.828	68.271
5.39	1421.817	63.355
5.4	1491.392	61.066
5.41	1530.352001	60.703
5.42	1568.224001	60.194
5.43	1583.981	58.484
5.44	1582.515	59.153
5.45	1578.145001	59.371
5.46	1555.041	61.581
5.47	1535.834	66.463
5.48	1523.422001	75.423
5.49	1497.983	85.232
5.5	1466.557	100.952
5.51	1422.407	109.339
5.52	1371.127	111.814
5.53	1314.734	109.679
5.54	1279.758	106.389
5.55	1256.798	100.762
5.56	1260.927	93.27
5.57	1274.667	85.663
5.58	1312.465	77.436
5.59	1336.471	70.734
5.6	1372.976	64.563
5.61	1390.408	60.435
5.62	1388.397	56.42
5.64	1395.49	53.745
5.65	1404.61	51.624
5.66	1406.455	48.803
5.67	1416.75	49.267
5.68	1409.25	49.017
5.69	1406.638	48.941
5.7	1395.292	50.471
5.71	1397.82	52.999
5.72	1370.169	57.156
5.73	1361.732	63.968
5.74	1339.177	72.654
5.75	1334.391	85.14
5.76	1317.719	98.115
5.77	1288.831	114.288
5.78	1261.827	126.307
5.79	1240.381	140.802
5.8	1212.184	150.853
5.81	1185.445	158.313
5.82	1176.254	164.663
5.83	1163.917	169.754
5.84	1121.758	175.525
5.85	1056.639	180.302
5.86	972.074	186.414
5.88	874.2610001	195.744
5.89	759.6490001	206.833
5.9	653.1100001	218.849
5.91	560.925	231.404
5.92	485.231	243.408
5.93	419.604	250.717
5.94	369.683	255.738
5.95	328.773	253.933
5.96	299.049	252.321
5.97	276.698	245.471
5.98	257.796	236.989
5.99	241.5250001	226.556
6	231.84	233.726
6.01	224.7190001	237.268
6.02	220.325	248.983
6.03	216.2470001	267.352
6.04	214.2160001	295.736
6.05	214.04	331.647
6.06	216.6010001	370.452
6.07	217.445	414.881
6.08	220.9840001	461.989
6.09	223.4710001	504.446
6.1	227.196	544.452
6.11	232.646	582.369
6.12	239.207	616.208
6.14	243.203	647.61
6.15	247.974	669.934
6.16	252.581	685.988
6.17	258.668	699.438
6.18	262.8370001	704.762
6.19	269.295	707.549
6.2	277.887	707.168
6.21	291.609	705.458
6.22	308.1280001	700.456
6.23	329.162	692.772
6.24	357.1690001	680.863
6.25	391.989	667.642
6.26	427.529	655.617
6.27	477.276	642.675
6.28	543.7390001	628.259
6.29	627.1360001	614.712
6.3	736.1	590.914
6.31	885.198	567.943
6.32	1084.325	531.602
6.33	1294.72	499.802
6.34	1492.683	462.917
6.35	1694.067	432.141
6.36	1884.882	407.545
6.38	2076.118001	381.271
6.39	2243.485001	362.671
6.4	2402.501	343.166
6.41	2545.194	328.325
6.42	2659.524	315.771
6.43	2722.384001	305.76
6.44	2759.843	302.922
6.45	2779.114001	299.489
6.46	2780.999	303.487
6.47	2756.251001	308.634
6.48	2710.779	326.039
6.49	2621.25	343.731
6.5	2579.178	366.873
6.51	2470.055	382.201
6.52	2354.732	381.398
6.53	2254.524	376.984
6.54	2172.419	365.512
6.55	2107.864001	354.509
6.56	2059.123001	336.939
6.57	2032.651001	319.782
6.58	2035.544	302.504
6.59	2033.806001	286.541
6.6	2049.435	268.29
6.61	2057.971001	249.09
6.62	2068.712	232.649
6.64	2075.007	215.303
6.65	2070.484001	204.445
6.66	2072.549	194.895
6.67	2070.618	187.576
6.68	2050.44	181.313
6.69	2047.201001	177.775
6.7	2023.47	172.683
6.71	2006.171	174.038
6.72	1973.582	177.785
6.73	1948.037	185.664
6.74	1931.895	196.561
6.75	1909.468001	214.411
6.76	1877.315	237.438
6.77	1843.992	262.418
6.78	1832.489	289.919
6.79	1821.859001	314.933
6.8	1782.639	334.046
6.81	1767.912	347.64
6.82	1746.53	352.747
6.83	1680.553001	352.55
6.84	1584.365	355.028
6.85	1451.778	357.804
6.86	1297.588	366.542
6.88	1137.499	381.917
6.89	981.078	395.531
6.9	834.9670001	413.443
6.91	724.313	426.833
6.92	624.786	436.895
6.93	548.006	442.768
6.94	484.6030001	444.721
6.95	439.815	430.067
6.96	403.6810001	416.326
6.97	370.832	397.255
6.98	343.311	372.519
6.99	320.976	347.803